$SPEC_ID:
Scatter
$SPEC_REM:
DET# 1
DETDESC# JLAB-11 MCB 133
AP# Maestro Version 7.01
$DATE_MEA:
03/12/2026 10:36:39
$MEAS_TIM:
203 207
$DATA:
0 2047
       0
       0
       0
       0
       0
       0
       0
       0
       0
       0
       0
       0
       0
       0
       0
       0
       0
       0
       0
       0
       0
       0
       0
       0
       0
       0
       0
       0
       0
       0
       0
       0
       0
       0
       0
       0
       0
       0
       0
       0
       0
       0
       0
       0
       0
       0
       0
       0
       0
       0
       0
       0
       0
       0
       0
       0
       0
       0
       0
       0
       0
       0
       0
       0
       0
       0
       0
       0
       0
       0
       0
       0
      38
     104
      98
      99
      92
     101
      91
     113
     107
      79
      97
     112
     112
      83
     106
      99
     125
      94
     113
      94
     102
     100
     105
     109
     102
      99
     114
      99
     106
     105
     109
     100
      91
      99
     112
     107
      88
     113
     105
     109
      97
      95
      96
     116
     118
      98
     100
     116
     105
     109
     142
     104
     102
     105
     124
     108
      98
     113
      88
     125
     118
     108
     124
     102
     109
     117
     116
     106
     116
     112
     124
     110
      90
     120
     100
     116
     103
     106
     127
     113
     111
     105
      97
     137
     117
      96
     105
     104
     117
     115
     118
     119
     142
     133
     125
     116
     133
     125
     136
     133
     126
     133
     110
     128
     140
     124
     114
     127
     138
     123
     145
     141
     124
     138
     141
     133
     142
     133
     135
     159
     151
     124
     131
     150
     153
     145
     129
     143
     146
     144
     143
     151
     140
     164
     142
     179
     151
     137
     160
     150
     165
     170
     170
     164
     172
     174
     156
     189
     168
     159
     173
     197
     160
     171
     168
     170
     170
     158
     180
     193
     184
     176
     184
     163
     195
     142
     174
     174
     192
     164
     161
     173
     185
     181
     214
     165
     173
     157
     185
     177
     159
     192
     181
     187
     171
     188
     166
     165
     150
     169
     171
     166
     170
     179
     156
     171
     174
     163
     180
     157
     152
     167
     161
     175
     165
     172
     149
     148
     165
     160
     150
     162
     162
     166
     164
     168
     158
     165
     173
     151
     156
     160
     160
     160
     164
     153
     182
     138
     175
     195
     177
     164
     173
     165
     177
     144
     157
     138
     173
     184
     159
     146
     155
     145
     158
     175
     145
     170
     164
     174
     150
     163
     149
     166
     185
     164
     181
     142
     177
     159
     168
     139
     185
     165
     173
     182
     165
     168
     197
     181
     166
     187
     160
     175
     155
     165
     153
     155
     196
     155
     155
     144
     157
     172
     163
     152
     152
     162
     180
     158
     187
     195
     154
     169
     181
     181
     163
     164
     184
     164
     159
     150
     182
     165
     158
     171
     145
     174
     184
     150
     163
     158
     160
     146
     185
     178
     170
     155
     176
     150
     179
     189
     162
     150
     171
     171
     172
     166
     157
     174
     151
     144
     164
     154
     155
     165
     152
     161
     169
     158
     167
     146
     148
     158
     140
     174
     168
     148
     140
     174
     166
     141
     145
     165
     152
     176
     158
     186
     164
     164
     183
     164
     143
     157
     159
     120
     151
     154
     165
     127
     143
     147
     144
     162
     143
     157
     174
     157
     169
     162
     145
     174
     147
     166
     152
     168
     173
     172
     142
     159
     145
     159
     180
     164
     155
     167
     151
     154
     147
     170
     161
     158
     173
     165
     174
     160
     151
     165
     179
     155
     164
     169
     174
     133
     167
     160
     172
     169
     152
     166
     183
     156
     153
     158
     144
     175
     168
     177
     176
     151
     171
     184
     192
     183
     156
     166
     177
     172
     176
     180
     167
     182
     162
     173
     155
     174
     176
     185
     183
     196
     187
     173
     184
     172
     185
     187
     192
     155
     186
     187
     192
     161
     194
     181
     185
     187
     179
     173
     182
     197
     186
     186
     171
     196
     190
     188
     186
     153
     197
     195
     182
     172
     193
     187
     188
     195
     233
     182
     174
     202
     205
     177
     207
     180
     184
     208
     169
     174
     179
     179
     199
     175
     187
     199
     176
     187
     224
     168
     178
     168
     176
     180
     168
     164
     190
     171
     175
     182
     169
     174
     174
     180
     165
     177
     196
     175
     170
     171
     192
     175
     164
     169
     184
     178
     197
     166
     159
     185
     155
     154
     173
     162
     158
     196
     180
     156
     161
     181
     159
     153
     166
     157
     149
     164
     175
     163
     150
     154
     145
     160
     157
     145
     160
     146
     159
     184
     153
     180
     157
     148
     184
     173
     149
     141
     146
     154
     156
     145
     143
     151
     160
     155
     143
     159
     145
     164
     177
     153
     157
     150
     160
     143
     156
     167
     157
     115
     146
     141
     142
     157
     141
     157
     132
     165
     148
     135
     143
     149
     155
     148
     147
     148
     159
     135
     148
     141
     158
     153
     157
     153
     130
     152
     149
     130
     144
     142
     145
     147
     142
     146
     146
     135
     129
     161
     125
     141
     130
     157
     135
     123
     129
     143
     141
     132
     121
     129
     154
     133
     148
     144
     120
     123
     145
     142
     154
     131
     146
     124
     147
     126
     135
     132
     156
     135
     122
     145
     138
     122
     107
     120
     124
     132
     140
     124
     134
     127
     133
     132
     133
     130
     125
     148
     112
     130
     127
     123
     116
     125
     143
     114
     122
     137
     130
     124
     135
     129
     120
     160
     125
     123
     140
     144
     136
     116
     129
     148
     112
     127
     138
     142
     149
     136
     142
     123
     137
     139
     113
     134
     116
     135
     126
     123
     133
     114
     122
     113
     123
     118
     149
     133
     120
     122
     111
     135
     132
     117
     123
     129
     119
     118
     119
     121
     127
     118
     134
     147
     130
     125
     149
     141
     127
     132
     117
     119
     119
     121
     136
     116
     118
     142
     126
     120
     115
     110
     131
     146
     138
     120
     119
     129
     115
     123
     125
     121
     126
     123
     137
     132
     115
     114
     118
     100
     138
     135
     128
     119
     133
     147
     123
     128
     119
     128
     115
     119
     118
     114
     127
     108
     116
     116
     131
     135
     120
     126
     115
     124
      96
     122
     112
     109
     113
     115
     111
     117
     138
     113
     130
     107
     132
     135
     134
     110
     113
     126
     113
     118
     131
     112
     128
     113
     127
     114
     100
     108
     107
     136
     118
     108
     124
     131
     127
     119
     107
     125
     108
     122
     113
      90
     130
     122
     118
     117
     122
     135
     131
     127
     116
     132
     137
     130
     123
     100
     133
     117
     141
     114
     131
     127
     121
     123
     135
     113
     120
     114
     119
     108
     125
     135
     112
     112
     113
     122
     117
     116
     131
     117
     106
     113
     141
     103
     120
     103
     120
     131
     126
     117
      96
     128
     123
     128
     118
     128
     114
     140
     128
     140
     117
     127
     107
     110
     111
     140
     108
     123
     133
     107
     138
     115
     121
     129
     109
     109
     112
     128
     124
     143
     129
     111
     107
     126
     122
     124
     141
     114
     131
     122
     126
     130
     128
     110
     130
     115
     114
      98
     132
     109
     119
     143
     109
     131
     123
     105
     118
     130
     110
     119
     112
     127
     117
      98
     119
     131
     116
      99
     113
     101
     111
     112
     126
     128
     137
     123
     152
     119
     133
     105
     111
     114
     107
     127
     122
     127
     123
     117
     111
     106
     131
     111
     117
     115
     131
     113
     107
     126
     104
     112
     109
      91
      96
     104
     121
     120
     114
     115
     113
     124
     126
     125
     133
     120
     125
     122
     132
      95
     128
      96
     124
     108
     102
     130
     131
     117
     130
     113
     129
     124
     128
     112
     151
     133
     119
     119
     109
     108
     123
     128
     123
     113
     114
     122
     113
     128
     130
     109
     117
     113
     118
     119
     130
     124
     117
     124
     122
     125
     129
     112
     131
     134
     125
     111
     109
     115
     123
     109
     123
     120
     119
     111
     128
     119
     116
     143
     124
     146
     141
     124
     113
     144
     131
     133
      99
     142
     133
     119
     134
     121
     133
     116
     135
     120
     149
     122
     143
     113
     126
     120
     128
     116
     124
     120
     115
     118
     112
     126
     139
     123
     163
     120
     129
     104
     128
     102
     115
     130
     108
     111
     139
     117
     110
     129
     135
     121
     126
     152
     109
     125
     118
     122
     107
     115
      94
     130
     124
     126
     115
     105
     105
     110
     150
     109
     119
     126
     105
     126
     127
     110
     124
     139
     145
     115
     113
      99
     115
     102
     104
     112
     110
     114
     114
     104
     102
     102
     100
     112
     106
     114
     117
     134
     113
     108
     103
      95
     101
     120
     108
      84
     110
      85
      90
     104
      97
      92
      97
     115
     100
     103
     104
      92
      97
     111
     111
     103
      92
      81
      96
      83
      85
      88
      94
      90
      95
      84
      71
      83
      82
      86
     105
      92
      76
      77
      75
      74
      83
      72
      80
      90
      77
      98
      81
      73
      88
      82
      66
      70
      86
      68
      67
      72
      63
      75
      79
      70
      81
      67
      70
      98
      85
      55
      58
      57
      43
      71
      72
      67
      63
      64
      61
      64
      63
      57
      56
      66
      59
      52
      52
      65
      57
      63
      57
      56
      53
      48
      53
      57
      57
      56
      61
      59
      66
      48
      61
      55
      55
      71
      48
      55
      56
      45
      52
      41
      58
      69
      55
      55
      57
      57
      54
      54
      53
      47
      50
      49
      64
      57
      48
      72
      45
      50
      54
      46
      50
      43
      47
      48
      56
      45
      36
      56
      45
      39
      46
      50
      40
      52
      48
      54
      60
      43
      40
      47
      40
      49
      41
      46
      38
      42
      38
      47
      53
      40
      37
      45
      31
      56
      53
      47
      44
      41
      37
      33
      36
      45
      55
      42
      30
      57
      40
      46
      32
      63
      33
      37
      48
      39
      46
      42
      41
      39
      38
      36
      30
      45
      34
      37
      42
      46
      30
      36
      38
      50
      40
      46
      34
      32
      47
      32
      36
      43
      39
      50
      24
      39
      49
      33
      44
      30
      37
      44
      31
      41
      36
      25
      45
      50
      37
      44
      38
      35
      28
      29
      39
      35
      33
      35
      38
      40
      35
      40
      25
      36
      40
      37
      31
      27
      35
      29
      43
      47
      37
      47
      32
      33
      46
      32
      40
      37
      42
      33
      33
      38
      38
      38
      35
      44
      34
      41
      37
      39
      36
      44
      34
      32
      30
      37
      26
      29
      37
      31
      35
      38
      31
      40
      34
      28
      42
      37
      41
      34
      38
      33
      38
      30
      28
      41
      46
      54
      25
      39
      42
      30
      33
      33
      36
      37
      34
      34
      34
      39
      39
      31
      47
      36
      31
      36
      50
      38
      30
      33
      43
      41
      31
      30
      42
      40
      33
      38
      38
      32
      27
      35
      33
      37
      32
      45
      35
      54
      40
      21
      35
      40
      37
      39
      45
      36
      42
      29
      32
      38
      23
      37
      28
      45
      40
      30
      41
      32
      42
      45
      26
      29
      42
      24
      31
      43
      32
      30
      45
      38
      34
      38
      43
      46
      34
      57
      35
      36
      41
      43
      52
      32
      45
      51
      53
      46
      50
      45
      55
      46
      44
      50
      36
      44
      53
      49
      45
      53
      53
      42
      47
      53
      39
      51
      70
      62
      55
      63
      68
      67
      58
      62
      61
      59
      69
      63
      66
      80
      60
      74
      68
      60
      69
      79
      63
      62
      82
      69
      81
      86
      71
      66
      72
      74
      84
     110
     102
      88
      95
      98
     114
     113
     111
      99
     100
      94
      98
     105
     119
     127
     121
     135
     120
     114
     115
     143
     146
     156
     129
     158
     177
     148
     153
     158
     167
     166
     160
     165
     166
     201
     191
     170
     181
     176
     203
     203
     214
     237
     230
     185
     238
     230
     227
     273
     275
     246
     276
     254
     243
     298
     258
     292
     292
     312
     305
     318
     321
     341
     328
     311
     306
     316
     350
     335
     333
     340
     396
     382
     345
     364
     414
     364
     410
     384
     422
     418
     421
     433
     449
     400
     456
     458
     412
     474
     494
     466
     524
     459
     478
     515
     485
     498
     466
     507
     526
     549
     571
     547
     488
     528
     488
     535
     576
     556
     596
     560
     587
     590
     597
     536
     580
     580
     619
     585
     602
     578
     603
     585
     629
     572
     610
     626
     632
     612
     590
     596
     606
     638
     683
     597
     563
     679
     619
     587
     632
     561
     625
     606
     586
     616
     602
     610
     560
     624
     563
     609
     566
     600
     597
     534
     556
     581
     567
     576
     553
     555
     531
     583
     552
     566
     552
     518
     544
     542
     523
     508
     516
     521
     471
     509
     513
     480
     457
     450
     423
     431
     422
     437
     408
     424
     380
     361
     410
     406
     389
     362
     407
     386
     361
     349
     348
     317
     319
     317
     310
     326
     321
     307
     287
     276
     287
     253
     268
     265
     240
     222
     245
     237
     226
     204
     213
     203
     210
     200
     192
     189
     199
     176
     193
     178
     163
     167
     132
     134
     141
     148
     127
     138
     133
     115
     100
     100
     104
     119
     100
      87
     111
      77
      85
      84
      82
     100
      85
      74
      61
      72
      68
      65
      60
      49
      57
      43
      66
      44
      35
      44
      45
      49
      35
      44
      28
      30
      32
      42
      30
      31
      34
      28
      31
      36
      18
      16
      21
      20
      33
      26
      23
      17
      17
       7
      24
      27
       9
      10
      15
       5
       8
      14
      13
      16
      14
       7
      12
      18
       8
      14
      13
       7
      10
       8
      10
       6
       8
       5
       8
       6
      10
       5
       5
       7
       5
       9
       6
       6
       8
      11
       4
       7
       8
       4
       5
       3
       2
       3
       3
       9
       3
       5
       0
       1
       7
       8
       2
       3
       3
       6
       0
       0
       0
       0
       0
       0
       0
       0
       0
       0
       0
       0
       0
       0
       0
       0
       0
       0
       0
       0
       0
       0
       0
       0
       0
       0
       0
       0
       0
       0
       0
       0
$ROI:
0
$PRESETS:
None
0
0
$ENER_FIT:
0.000000 2.049536
$MCA_CAL:
3
0.000000E+000 2.049536E+000 0.000000E+000 keV
$SHAPE_CAL:
3
0.000000E+000 0.000000E+000 0.000000E+000
