$SPEC_ID:
Scatter
$SPEC_REM:
DET# 1
DETDESC# JLAB-11 MCB 133
AP# Maestro Version 7.01
$DATE_MEA:
03/12/2026 10:48:59
$MEAS_TIM:
319 323
$DATA:
0 2047
       0
       0
       0
       0
       0
       0
       0
       0
       0
       0
       0
       0
       0
       0
       0
       0
       0
       0
       0
       0
       0
       0
       0
       0
       0
       0
       0
       0
       0
       0
       0
       0
       0
       0
       0
       0
       0
       0
       0
       0
       0
       0
       0
       0
       0
       0
       0
       0
       0
       0
       0
       0
       0
       0
       0
       0
       0
       0
       0
       0
       0
       0
       0
       0
       0
       0
       0
       0
       0
       0
       0
       0
      37
     112
      96
     102
     103
     113
     108
     105
     106
     109
     116
     118
      94
     122
     116
     138
     114
     123
     116
     110
     110
     113
     117
     112
     125
     132
     125
     109
     125
     123
     137
     114
     137
     106
     105
     118
     120
     123
     109
     115
     116
     130
     108
     124
     117
     142
     121
     118
     103
     128
     115
     119
     115
     135
     131
     122
     100
     126
     122
     116
     124
     140
     117
     152
     132
     115
     112
     115
     113
     137
     136
     140
     131
     144
     119
     124
     153
     140
     131
     116
     137
     122
     134
     137
     145
     141
     140
     130
     137
     108
     151
     151
     141
     135
     150
     125
     140
     135
     153
     150
     124
     143
     134
     132
     144
     162
     141
     160
     162
     143
     150
     120
     161
     165
     147
     144
     145
     186
     160
     164
     194
     147
     169
     182
     165
     189
     194
     158
     158
     176
     171
     164
     172
     173
     179
     191
     204
     183
     167
     180
     179
     195
     193
     194
     203
     192
     198
     189
     208
     199
     203
     201
     194
     224
     207
     187
     189
     198
     197
     224
     195
     237
     215
     222
     217
     219
     205
     188
     192
     206
     229
     199
     198
     187
     207
     213
     199
     196
     211
     212
     196
     184
     222
     200
     208
     213
     225
     220
     201
     185
     195
     209
     195
     189
     214
     169
     209
     207
     196
     215
     209
     240
     204
     210
     211
     202
     201
     228
     201
     215
     203
     204
     184
     178
     221
     210
     190
     189
     189
     223
     197
     201
     211
     190
     195
     192
     198
     218
     196
     187
     204
     189
     221
     207
     210
     213
     235
     226
     204
     219
     195
     211
     203
     194
     189
     188
     205
     214
     200
     216
     216
     191
     234
     206
     221
     217
     201
     211
     195
     221
     217
     201
     185
     224
     213
     177
     200
     240
     229
     207
     206
     217
     195
     213
     214
     222
     205
     212
     227
     190
     182
     204
     195
     210
     238
     178
     197
     182
     198
     198
     199
     201
     212
     207
     180
     196
     227
     171
     212
     174
     190
     192
     186
     189
     184
     209
     224
     213
     213
     201
     224
     182
     212
     202
     193
     206
     208
     203
     213
     184
     188
     202
     202
     203
     225
     219
     206
     221
     223
     217
     200
     201
     223
     199
     163
     185
     194
     210
     201
     194
     183
     191
     235
     215
     199
     197
     197
     211
     196
     209
     171
     172
     213
     195
     203
     189
     196
     212
     217
     189
     192
     188
     197
     196
     215
     210
     203
     203
     175
     206
     193
     175
     162
     189
     190
     193
     199
     190
     215
     185
     195
     198
     197
     229
     168
     201
     173
     194
     197
     198
     188
     211
     178
     195
     207
     197
     183
     194
     204
     204
     191
     200
     191
     193
     177
     189
     194
     171
     195
     181
     215
     195
     190
     195
     200
     214
     217
     190
     221
     181
     185
     215
     195
     211
     204
     202
     171
     204
     186
     214
     207
     181
     196
     201
     193
     184
     198
     218
     199
     188
     230
     193
     206
     193
     221
     221
     202
     215
     200
     189
     237
     237
     174
     243
     213
     201
     208
     212
     238
     204
     217
     207
     203
     213
     196
     207
     206
     213
     206
     187
     211
     194
     231
     215
     191
     202
     211
     245
     210
     214
     221
     228
     207
     202
     184
     197
     204
     211
     215
     230
     222
     240
     201
     192
     201
     206
     221
     203
     210
     214
     220
     210
     204
     204
     208
     225
     190
     199
     215
     201
     186
     206
     208
     203
     201
     228
     207
     194
     181
     216
     193
     194
     198
     197
     227
     180
     189
     212
     188
     198
     198
     184
     152
     189
     191
     198
     201
     196
     210
     189
     180
     210
     176
     155
     168
     178
     202
     189
     174
     181
     199
     164
     182
     186
     193
     171
     192
     194
     186
     202
     178
     184
     178
     180
     157
     173
     160
     191
     193
     185
     179
     175
     165
     159
     178
     190
     191
     185
     201
     188
     198
     157
     181
     173
     193
     165
     167
     164
     163
     175
     170
     204
     165
     170
     152
     167
     168
     194
     185
     172
     149
     149
     185
     172
     189
     182
     150
     166
     181
     156
     181
     140
     154
     187
     174
     183
     185
     167
     160
     169
     166
     146
     161
     185
     139
     160
     161
     165
     205
     156
     161
     152
     145
     171
     169
     156
     148
     194
     145
     143
     168
     158
     148
     174
     145
     137
     149
     158
     159
     145
     153
     143
     144
     133
     193
     139
     127
     170
     141
     149
     147
     171
     145
     152
     176
     145
     143
     148
     167
     154
     141
     154
     139
     116
     147
     150
     147
     152
     140
     164
     150
     123
     144
     159
     138
     145
     143
     140
     139
     133
     134
     144
     159
     157
     153
     138
     169
     169
     121
     162
     153
     145
     136
     160
     130
     142
     137
     117
     125
     140
     152
     143
     134
     156
     142
     154
     139
     142
     146
     126
     154
     136
     130
     125
     111
     138
     153
     165
     158
     137
     143
     127
     140
     129
     140
     137
     151
     145
     124
     145
     143
     133
     132
     147
     141
     120
     134
     143
     143
     133
     154
     123
     133
     141
     141
     109
     125
     154
     127
     150
     132
     117
     142
     118
     156
     123
     125
     136
     151
     146
     132
     125
     136
     131
     139
     149
     153
     148
     131
     144
     142
     115
     136
     134
     137
     139
     136
     117
     117
     143
     145
     135
     133
     124
     132
     116
     123
     142
     141
     131
     117
     152
     128
     128
     119
     125
     127
     149
     147
     114
     111
     123
     142
     117
     145
     145
     137
     125
     131
     121
     128
     116
     121
     143
     128
     131
     137
     123
     134
     138
     133
     143
     151
     132
     128
     131
     115
     127
     135
     145
     112
     104
     124
     134
     142
     134
     140
     145
     126
     129
     126
     147
     130
     125
     131
     155
     128
     114
     144
     127
     116
     118
     123
     126
     132
     132
     136
     131
     140
     132
     122
     123
     139
     148
     146
     137
     151
     130
     144
     122
     120
     119
     140
     152
     136
     141
     132
     125
     118
     127
     122
     134
     131
     120
     102
     123
     125
     144
     132
     127
     129
     123
     140
     131
     114
     137
     110
     133
     132
     121
     127
     105
     138
     134
     115
     131
     130
     120
     110
     131
     128
     126
     113
     129
     137
     125
     143
     127
     127
     122
     124
     102
     136
     130
     140
     140
     118
     128
     149
     102
     118
     110
     141
     107
     143
     136
     142
     117
     130
     124
     142
     143
     125
     122
     137
     115
     137
     121
     121
     140
     111
     123
     126
     139
     116
     148
     138
     131
     111
     128
     119
     124
     120
     139
     116
     126
     144
     111
     118
     149
     114
     107
     125
     148
     121
     150
     142
     145
     138
     132
     131
     152
     142
     146
     127
     105
     130
     126
     131
     117
     145
     115
     134
     116
     133
     127
     133
     117
     114
     136
     120
     134
     120
     141
     146
     124
     123
     136
     131
     125
     120
     122
     113
     129
     142
     125
     129
     129
     135
      92
     141
     130
     128
     127
     135
     142
     124
     113
     119
     123
     112
     124
     114
     127
     132
     129
     133
     138
     130
     125
     126
     138
     124
     126
     147
     146
     127
     120
     135
     119
     124
     122
     140
     129
     133
     125
     118
     127
     125
     140
     129
     142
     113
     121
     139
     125
     129
     146
     127
     131
     144
     146
     130
     117
     128
     121
     169
     151
     138
     127
     133
     150
     124
     144
     120
     130
     131
     139
     135
     155
     125
     147
     137
     125
     149
     118
     123
     137
     119
     135
     132
     120
     129
     136
     139
     126
     131
     136
     141
     133
     131
     119
     147
     143
     137
     142
     118
     108
     111
     132
     150
     133
     138
     115
     125
     120
     135
     119
     127
     125
     129
     117
     132
     126
     121
     132
     128
     117
     118
     124
     126
     120
     128
     126
     123
     121
     125
     120
     134
     102
     113
     112
     121
     127
     116
     114
     124
     100
     129
     104
     115
     110
     120
     110
     109
     111
      97
     117
     109
     111
      95
     101
     113
     114
     105
     115
     114
      79
     101
     115
     106
      99
     105
     102
     105
     100
     132
     109
     111
      92
     112
     100
     103
      78
      76
      97
      94
      89
      85
      93
      84
      96
      94
      85
      98
      62
      86
      86
      75
      83
      75
      88
      76
      80
      84
      73
      86
      74
      76
      92
      74
      85
      72
      69
      77
      81
      65
      65
      66
      72
      70
      60
      68
      64
      65
      74
      64
      86
      67
      63
      71
      57
      66
      76
      72
      66
      64
      63
      59
      61
      43
      67
      57
      67
      61
      72
      72
      69
      53
      64
      57
      51
      57
      64
      64
      48
      57
      59
      47
      49
      53
      64
      54
      60
      63
      53
      56
      61
      48
      62
      51
      55
      33
      64
      64
      68
      52
      58
      50
      63
      37
      63
      57
      55
      43
      45
      51
      42
      46
      47
      51
      56
      43
      50
      49
      50
      60
      53
      41
      41
      45
      54
      59
      53
      45
      46
      41
      46
      45
      55
      46
      49
      58
      51
      36
      37
      43
      50
      44
      41
      33
      48
      42
      44
      41
      46
      47
      45
      53
      46
      36
      36
      39
      57
      46
      49
      43
      48
      44
      38
      45
      57
      43
      33
      44
      46
      49
      50
      43
      60
      42
      44
      38
      51
      35
      46
      45
      46
      39
      45
      35
      43
      41
      43
      34
      40
      43
      38
      35
      32
      37
      43
      43
      35
      50
      41
      37
      41
      37
      37
      40
      32
      29
      36
      30
      46
      47
      45
      37
      30
      36
      46
      47
      34
      33
      39
      30
      35
      42
      41
      33
      38
      32
      33
      27
      36
      28
      37
      27
      44
      40
      35
      38
      41
      48
      46
      49
      41
      32
      43
      47
      30
      32
      39
      38
      48
      43
      36
      40
      43
      44
      34
      33
      38
      42
      30
      44
      35
      40
      43
      40
      47
      54
      21
      43
      38
      28
      28
      38
      46
      36
      37
      42
      42
      38
      41
      42
      40
      28
      34
      46
      41
      43
      41
      52
      41
      36
      35
      46
      46
      38
      37
      46
      41
      35
      40
      29
      39
      43
      33
      39
      43
      39
      47
      46
      32
      35
      44
      42
      35
      45
      41
      42
      43
      42
      39
      37
      34
      38
      34
      43
      44
      32
      33
      59
      37
      44
      44
      51
      30
      38
      49
      42
      37
      32
      38
      42
      38
      55
      40
      41
      45
      46
      41
      48
      48
      50
      48
      38
      34
      46
      50
      54
      45
      44
      45
      46
      41
      48
      54
      51
      53
      41
      53
      57
      49
      66
      54
      58
      52
      64
      53
      49
      65
      51
      54
      53
      54
      72
      86
      57
      62
      77
      65
      84
      65
      77
      72
      75
      76
      68
      71
     108
      85
      68
      75
      78
      71
      70
      80
      83
      86
      82
      82
      95
     107
     104
      98
      98
     101
      99
     108
     111
     116
     105
     125
     125
     112
     141
     117
     141
     120
     117
     132
     160
     127
     132
     147
     184
     147
     174
     157
     174
     178
     169
     198
     168
     194
     193
     190
     216
     219
     218
     203
     209
     224
     231
     225
     231
     245
     216
     261
     252
     257
     266
     250
     288
     261
     291
     329
     283
     293
     306
     317
     318
     341
     327
     329
     383
     355
     353
     342
     353
     361
     415
     363
     399
     385
     424
     383
     395
     389
     443
     442
     403
     456
     431
     432
     413
     469
     428
     455
     493
     474
     516
     469
     486
     533
     466
     527
     547
     539
     534
     555
     540
     578
     542
     580
     581
     564
     554
     606
     592
     577
     569
     612
     617
     639
     650
     643
     641
     601
     639
     607
     661
     629
     636
     657
     590
     663
     650
     614
     647
     626
     630
     668
     683
     699
     634
     683
     629
     665
     663
     599
     634
     664
     648
     619
     597
     626
     658
     606
     640
     677
     652
     622
     608
     618
     639
     606
     617
     581
     562
     558
     625
     585
     555
     551
     580
     557
     552
     560
     555
     566
     519
     528
     507
     510
     534
     521
     457
     443
     474
     490
     447
     454
     483
     437
     456
     452
     436
     472
     362
     354
     438
     412
     350
     354
     366
     352
     362
     350
     326
     333
     363
     316
     299
     292
     323
     302
     267
     311
     309
     252
     253
     262
     225
     243
     211
     210
     243
     221
     224
     222
     194
     190
     178
     204
     175
     159
     177
     159
     168
     145
     127
     150
     134
     141
     113
     130
     141
     111
     113
     115
     116
      93
      87
     110
      97
     107
      93
     103
      78
      68
      69
      68
      78
      61
      69
      65
      60
      58
      60
      43
      59
      53
      54
      47
      47
      41
      39
      44
      39
      39
      32
      47
      39
      27
      26
      27
      21
      27
      28
      20
      21
      19
      17
      13
      28
      12
       8
      11
      18
      11
      11
       9
      16
       9
      13
      17
      12
       9
      10
      13
      10
       9
      18
      15
       6
      17
       9
       8
       4
       6
      13
       7
      13
       9
      12
       8
       7
       6
       8
       6
      10
       6
       4
       6
       6
       3
       5
       3
       9
       2
       6
       6
       8
       2
       6
       2
       3
       7
       2
       4
       0
       0
       0
       0
       0
       0
       0
       0
       0
       0
       0
       0
       0
       0
       0
       0
       0
       0
       0
       0
       0
       0
       0
       0
       0
       0
       0
       0
       0
       0
       0
       0
$ROI:
0
$PRESETS:
None
0
0
$ENER_FIT:
0.000000 2.049536
$MCA_CAL:
3
0.000000E+000 2.049536E+000 0.000000E+000 keV
$SHAPE_CAL:
3
0.000000E+000 0.000000E+000 0.000000E+000
