$SPEC_ID:
Scatter
$SPEC_REM:
DET# 1
DETDESC# JLAB-11 MCB 133
AP# Maestro Version 7.01
$DATE_MEA:
03/12/2026 11:04:39
$MEAS_TIM:
567 573
$DATA:
0 2047
       0
       0
       0
       0
       0
       0
       0
       0
       0
       0
       0
       0
       0
       0
       0
       0
       0
       0
       0
       0
       0
       0
       0
       0
       0
       0
       0
       0
       0
       0
       0
       0
       0
       0
       0
       0
       0
       0
       0
       0
       0
       0
       0
       0
       0
       0
       0
       0
       0
       0
       0
       0
       0
       0
       0
       0
       0
       0
       0
       0
       0
       0
       0
       0
       0
       0
       0
       0
       0
       0
       0
       0
      57
     144
     112
     151
     141
     149
     143
     136
     150
     156
     156
     134
     148
     175
     162
     129
     154
     144
     152
     175
     157
     157
     156
     154
     160
     138
     147
     158
     152
     142
     136
     142
     177
     160
     157
     167
     154
     134
     151
     136
     182
     170
     151
     159
     152
     159
     166
     167
     169
     148
     187
     166
     154
     159
     158
     182
     168
     186
     172
     168
     167
     166
     165
     164
     154
     187
     151
     161
     155
     171
     154
     182
     172
     165
     174
     168
     211
     163
     178
     188
     192
     173
     190
     175
     185
     191
     198
     189
     186
     209
     197
     192
     187
     218
     202
     208
     197
     189
     228
     171
     199
     203
     202
     185
     230
     215
     212
     225
     197
     207
     224
     235
     234
     226
     228
     244
     217
     220
     224
     242
     234
     223
     249
     228
     232
     249
     244
     220
     267
     245
     253
     269
     270
     262
     294
     284
     256
     261
     263
     318
     253
     305
     278
     262
     316
     298
     259
     297
     291
     296
     300
     268
     301
     293
     283
     328
     276
     298
     303
     278
     310
     314
     289
     282
     304
     288
     309
     328
     311
     291
     318
     304
     333
     297
     324
     305
     296
     294
     295
     336
     317
     299
     314
     309
     308
     299
     307
     317
     352
     323
     318
     339
     331
     303
     338
     297
     282
     330
     298
     303
     337
     347
     312
     346
     325
     317
     293
     320
     298
     328
     324
     292
     330
     297
     325
     333
     328
     304
     324
     323
     315
     302
     293
     311
     304
     334
     339
     326
     319
     318
     333
     276
     313
     334
     311
     318
     286
     324
     316
     331
     317
     326
     292
     313
     304
     298
     320
     310
     323
     304
     306
     310
     264
     309
     351
     349
     344
     317
     348
     287
     280
     334
     293
     298
     326
     343
     314
     287
     343
     332
     312
     306
     333
     299
     279
     315
     324
     318
     309
     310
     283
     329
     303
     316
     305
     312
     320
     290
     297
     285
     323
     322
     295
     312
     334
     316
     323
     303
     301
     302
     295
     294
     301
     317
     306
     296
     310
     299
     345
     298
     316
     282
     289
     328
     303
     280
     282
     299
     304
     306
     285
     298
     342
     295
     284
     282
     302
     310
     309
     302
     287
     292
     309
     312
     290
     281
     285
     290
     307
     296
     317
     316
     292
     275
     281
     277
     320
     297
     302
     292
     282
     280
     296
     311
     289
     293
     321
     291
     311
     275
     275
     254
     274
     311
     312
     298
     284
     300
     339
     283
     295
     271
     275
     269
     310
     292
     296
     279
     286
     306
     283
     274
     288
     299
     278
     281
     268
     265
     291
     287
     257
     294
     305
     318
     282
     281
     271
     282
     278
     298
     288
     250
     256
     281
     276
     247
     261
     274
     283
     301
     287
     284
     302
     249
     309
     315
     289
     262
     280
     287
     291
     296
     277
     262
     319
     289
     284
     294
     261
     282
     285
     303
     277
     304
     273
     294
     287
     298
     278
     293
     292
     268
     304
     295
     277
     299
     267
     287
     283
     295
     289
     296
     294
     287
     285
     281
     285
     269
     315
     301
     303
     317
     300
     284
     297
     304
     304
     309
     310
     286
     292
     293
     302
     309
     285
     277
     286
     262
     309
     306
     287
     285
     264
     261
     308
     290
     316
     287
     293
     305
     314
     290
     274
     313
     269
     261
     307
     286
     288
     283
     267
     325
     271
     278
     313
     281
     270
     273
     270
     278
     307
     287
     281
     285
     299
     287
     266
     265
     263
     293
     289
     262
     262
     271
     283
     231
     273
     258
     284
     262
     271
     294
     276
     272
     270
     263
     264
     283
     243
     277
     246
     243
     248
     249
     269
     261
     229
     244
     264
     250
     258
     247
     261
     224
     232
     247
     256
     250
     266
     234
     254
     262
     210
     256
     236
     236
     244
     214
     228
     238
     261
     242
     224
     265
     244
     258
     258
     242
     214
     224
     241
     222
     235
     241
     242
     238
     225
     236
     236
     224
     233
     261
     241
     224
     252
     247
     222
     217
     228
     244
     214
     234
     206
     252
     237
     219
     228
     241
     203
     230
     221
     227
     230
     209
     225
     229
     232
     232
     200
     211
     218
     252
     204
     222
     228
     243
     239
     237
     253
     240
     209
     223
     198
     198
     199
     225
     201
     207
     217
     220
     199
     199
     177
     209
     194
     204
     225
     210
     211
     217
     191
     240
     179
     194
     222
     189
     215
     214
     197
     195
     221
     198
     199
     200
     169
     215
     211
     187
     187
     203
     192
     187
     190
     183
     179
     190
     206
     198
     193
     167
     209
     195
     176
     215
     172
     208
     183
     218
     190
     192
     180
     174
     194
     207
     193
     184
     186
     175
     183
     200
     194
     189
     185
     170
     180
     192
     178
     179
     187
     197
     187
     199
     205
     162
     204
     191
     190
     176
     179
     159
     153
     186
     173
     164
     206
     156
     197
     208
     169
     171
     163
     170
     211
     173
     209
     166
     203
     173
     185
     170
     183
     163
     206
     213
     170
     215
     182
     158
     164
     178
     182
     180
     148
     182
     180
     170
     164
     184
     172
     186
     179
     151
     169
     147
     175
     171
     170
     190
     157
     164
     183
     199
     198
     175
     209
     179
     178
     162
     153
     172
     167
     179
     182
     175
     164
     166
     163
     144
     157
     168
     160
     159
     182
     186
     173
     163
     165
     159
     182
     190
     153
     176
     173
     175
     180
     165
     168
     140
     141
     164
     180
     186
     174
     177
     171
     155
     157
     154
     151
     169
     176
     156
     161
     166
     181
     172
     166
     150
     169
     167
     154
     183
     177
     159
     187
     146
     147
     146
     164
     168
     140
     166
     176
     181
     176
     152
     168
     174
     149
     171
     182
     184
     182
     173
     159
     161
     146
     158
     150
     161
     175
     173
     172
     167
     163
     142
     165
     149
     189
     174
     155
     158
     168
     169
     144
     185
     161
     143
     180
     157
     172
     152
     185
     159
     166
     163
     158
     157
     154
     185
     178
     144
     143
     169
     163
     175
     176
     167
     158
     169
     172
     135
     145
     170
     170
     165
     151
     149
     179
     178
     175
     163
     161
     154
     154
     188
     195
     146
     140
     147
     174
     159
     139
     186
     147
     181
     201
     150
     156
     145
     137
     145
     172
     151
     178
     151
     163
     145
     184
     157
     164
     157
     185
     190
     162
     176
     166
     162
     148
     178
     152
     147
     162
     160
     163
     165
     148
     133
     164
     138
     166
     166
     148
     181
     137
     146
     165
     168
     164
     173
     145
     168
     168
     147
     165
     151
     170
     150
     157
     142
     171
     162
     149
     154
     161
     148
     147
     150
     154
     160
     150
     153
     177
     167
     159
     138
     144
     164
     155
     148
     165
     192
     122
     166
     143
     171
     159
     171
     161
     156
     164
     138
     151
     139
     176
     162
     147
     150
     135
     137
     152
     156
     157
     154
     164
     188
     159
     174
     172
     162
     161
     174
     170
     173
     162
     151
     152
     149
     137
     165
     152
     160
     142
     137
     159
     170
     175
     160
     170
     180
     160
     149
     134
     164
     160
     163
     148
     150
     144
     159
     151
     173
     177
     141
     159
     173
     162
     163
     158
     177
     145
     162
     164
     173
     179
     154
     144
     167
     155
     157
     191
     165
     144
     145
     148
     163
     175
     148
     155
     148
     153
     141
     142
     165
     150
     182
     153
     178
     165
     157
     146
     166
     160
     176
     169
     164
     166
     154
     155
     168
     130
     155
     148
     162
     153
     154
     165
     145
     147
     152
     175
     162
     157
     154
     151
     126
     155
     144
     158
     154
     127
     148
     142
     147
     161
     157
     144
     153
     143
     145
     144
     164
     159
     155
     139
     167
     171
     147
     136
     162
     146
     162
     144
     140
     152
     130
     160
     146
     167
     136
     142
     148
     133
     129
     147
     133
     132
     153
     140
     119
     138
     129
     137
     142
     129
     130
     144
     133
     146
     129
     164
     130
     131
     150
     114
     116
     117
     129
     131
     131
     134
     111
     131
     162
     117
     119
     126
     128
     117
     131
     121
     103
     117
     104
     121
     124
     134
     120
     121
     119
     105
     132
     124
     118
      85
     143
      92
     102
     103
      93
     111
      92
      92
     124
     106
     108
      99
     104
     100
     100
     111
      96
      90
      92
      76
      98
      80
      91
      82
      97
      91
      83
     104
      78
      81
      81
     115
      97
      89
      69
      89
      80
      90
      65
      78
      91
      60
      82
      89
      91
      77
      79
      82
      57
      75
      71
      67
      67
      80
      76
      80
      76
      77
      73
      85
      65
      69
      68
      70
      74
      83
      78
      66
      65
      86
      62
      58
      63
      79
      57
      84
      81
      53
      66
      77
      64
      67
      55
      74
      58
      54
      68
      61
      75
      50
      73
      75
      62
      75
      48
      70
      71
      67
      66
      67
      63
      70
      60
      59
      67
      70
      76
      71
      49
      59
      73
      60
      53
      49
      51
      55
      50
      70
      56
      70
      61
      60
      51
      58
      60
      52
      62
      67
      43
      55
      48
      53
      54
      47
      47
      42
      52
      48
      42
      33
      72
      52
      49
      63
      54
      44
      57
      62
      53
      69
      58
      56
      39
      70
      49
      47
      54
      49
      55
      60
      50
      58
      54
      50
      58
      54
      58
      49
      46
      47
      49
      47
      61
      69
      51
      54
      54
      57
      49
      48
      50
      71
      61
      46
      57
      64
      50
      57
      64
      54
      62
      55
      47
      49
      40
      53
      50
      43
      61
      35
      48
      53
      54
      55
      56
      52
      42
      50
      51
      52
      54
      48
      54
      46
      68
      48
      49
      41
      50
      54
      55
      61
      43
      51
      53
      51
      48
      43
      40
      51
      49
      54
      55
      39
      39
      45
      54
      32
      37
      44
      45
      53
      55
      34
      51
      49
      52
      41
      49
      47
      55
      49
      39
      51
      43
      44
      51
      44
      53
      44
      45
      57
      49
      36
      56
      39
      52
      51
      50
      57
      61
      51
      51
      50
      53
      52
      51
      62
      47
      53
      58
      54
      44
      61
      57
      54
      49
      63
      54
      49
      53
      46
      45
      46
      46
      47
      47
      50
      60
      46
      66
      57
      58
      64
      47
      56
      45
      54
      45
      53
      54
      65
      45
      61
      52
      51
      61
      61
      58
      50
      63
      51
      58
      60
      51
      47
      50
      62
      57
      66
      57
      54
      61
      51
      63
      58
      43
      42
      53
      52
      62
      51
      58
      64
      74
      66
      58
      69
      76
      66
      66
      75
      66
      55
      68
      72
      82
      69
      64
      70
      66
     101
      76
      78
      63
      81
      90
      79
      87
      88
      83
      67
      78
      89
      76
      64
      89
      78
      86
      98
     111
      85
     108
     130
     112
     108
     113
     105
     118
     110
     113
     119
     113
     119
     114
     121
     116
     143
     117
     136
     125
     142
     131
     148
     149
     148
     137
     169
     169
     172
     173
     167
     173
     188
     178
     184
     220
     209
     218
     217
     222
     206
     219
     226
     233
     233
     207
     261
     234
     268
     280
     268
     281
     279
     263
     286
     254
     287
     291
     365
     295
     315
     320
     336
     343
     357
     347
     343
     334
     392
     397
     374
     369
     398
     366
     371
     420
     412
     438
     410
     442
     451
     452
     471
     482
     485
     506
     502
     479
     487
     500
     541
     522
     523
     536
     553
     538
     549
     560
     554
     576
     595
     645
     639
     607
     600
     645
     634
     625
     619
     626
     657
     660
     636
     672
     661
     668
     693
     701
     709
     683
     695
     686
     709
     672
     693
     838
     742
     758
     742
     760
     722
     793
     791
     692
     713
     793
     733
     760
     727
     773
     765
     750
     743
     711
     797
     749
     762
     745
     782
     762
     743
     803
     757
     766
     731
     780
     725
     742
     727
     701
     751
     712
     741
     702
     702
     679
     715
     658
     682
     626
     643
     658
     652
     668
     629
     653
     665
     613
     667
     583
     630
     600
     583
     590
     603
     588
     595
     597
     521
     529
     542
     525
     531
     537
     532
     507
     504
     479
     496
     457
     485
     443
     401
     418
     440
     422
     420
     391
     402
     374
     349
     343
     318
     356
     381
     342
     334
     320
     333
     309
     308
     288
     277
     274
     251
     261
     227
     275
     253
     216
     210
     228
     206
     233
     212
     210
     194
     176
     203
     165
     170
     184
     143
     159
     154
     134
     135
     152
     106
     133
     113
     136
     130
     105
     111
     107
     109
      88
      97
      92
      90
      73
      76
      89
      57
      71
      74
      66
      75
      45
      58
      47
      56
      50
      44
      45
      51
      37
      45
      32
      43
      42
      39
      45
      34
      34
      28
      31
      35
      22
      28
      24
      24
      27
      26
      30
      24
      25
      22
      23
      23
      17
      15
      18
      21
      22
      12
      16
      15
      22
      16
      12
      11
      15
      11
      17
      15
      13
      17
      15
      18
       6
       7
      13
       8
       3
       9
       8
       4
      13
       9
      12
      12
      10
      15
      12
       7
       7
       8
       4
       5
       5
      10
       8
       1
       3
      12
       7
       0
       0
       0
       0
       0
       0
       0
       0
       0
       0
       0
       0
       0
       0
       0
       0
       0
       0
       0
       0
       0
       0
       0
       0
       0
       0
       0
       0
       0
       0
       0
       0
$ROI:
0
$PRESETS:
None
0
0
$ENER_FIT:
0.000000 2.049536
$MCA_CAL:
3
0.000000E+000 2.049536E+000 0.000000E+000 keV
$SHAPE_CAL:
3
0.000000E+000 0.000000E+000 0.000000E+000
