$SPEC_ID:
Scatter
$SPEC_REM:
DET# 1
DETDESC# JLAB-11 MCB 133
AP# Maestro Version 7.01
$DATE_MEA:
03/12/2026 10:43:19
$MEAS_TIM:
276 280
$DATA:
0 2047
       0
       0
       0
       0
       0
       0
       0
       0
       0
       0
       0
       0
       0
       0
       0
       0
       0
       0
       0
       0
       0
       0
       0
       0
       0
       0
       0
       0
       0
       0
       0
       0
       0
       0
       0
       0
       0
       0
       0
       0
       0
       0
       0
       0
       0
       0
       0
       0
       0
       0
       0
       0
       0
       0
       0
       0
       0
       0
       0
       0
       0
       0
       0
       0
       0
       0
       0
       0
       0
       0
       0
       0
      31
     120
     109
     135
     111
     123
     119
     109
     126
     100
     118
     116
     127
     115
     100
     130
     132
     115
     103
     114
     116
     110
     125
     108
     127
     122
     117
     106
     127
     123
     120
     115
     120
     115
     109
     120
     126
     146
     130
     130
     106
     121
     124
     106
     133
     132
     114
     117
     109
     103
     104
     131
     111
     108
     119
     140
     127
     118
     126
     129
     112
     125
     136
     111
     120
     118
     126
     120
     136
     117
     133
     139
     135
     129
     113
     141
     144
     159
     146
     134
     152
     123
     138
     132
     127
     139
     126
     149
     138
     137
     136
     120
     141
     149
     122
     170
     164
     149
     165
     162
     146
     142
     153
     158
     148
     165
     149
     143
     154
     158
     132
     155
     148
     152
     176
     149
     137
     168
     154
     165
     165
     168
     162
     156
     164
     170
     180
     167
     157
     177
     156
     188
     160
     187
     158
     178
     183
     215
     183
     157
     222
     204
     209
     204
     188
     194
     207
     176
     200
     198
     194
     205
     199
     198
     197
     221
     210
     187
     195
     216
     205
     198
     207
     216
     197
     213
     201
     237
     204
     216
     197
     207
     196
     203
     202
     208
     180
     172
     208
     207
     211
     222
     222
     192
     206
     204
     220
     213
     206
     174
     210
     194
     203
     208
     215
     186
     208
     216
     199
     190
     205
     203
     225
     197
     208
     213
     195
     162
     211
     217
     221
     195
     183
     210
     199
     193
     178
     175
     184
     193
     188
     200
     194
     196
     207
     179
     206
     206
     182
     197
     167
     220
     182
     197
     189
     201
     183
     218
     180
     203
     166
     199
     172
     192
     185
     209
     187
     203
     204
     193
     197
     200
     170
     218
     202
     210
     187
     186
     181
     209
     209
     211
     173
     211
     198
     205
     183
     185
     192
     177
     209
     213
     190
     199
     206
     166
     165
     221
     213
     194
     195
     194
     191
     212
     192
     218
     191
     197
     212
     200
     192
     218
     204
     194
     202
     225
     198
     178
     190
     194
     192
     192
     192
     179
     188
     192
     194
     187
     181
     193
     183
     186
     191
     197
     179
     192
     232
     220
     188
     182
     208
     203
     188
     178
     170
     182
     184
     182
     214
     167
     188
     202
     192
     197
     193
     185
     197
     203
     214
     197
     189
     203
     205
     176
     204
     173
     196
     195
     206
     159
     172
     203
     171
     214
     187
     174
     182
     181
     201
     181
     200
     199
     195
     233
     206
     209
     189
     202
     179
     204
     178
     203
     190
     180
     192
     181
     181
     185
     150
     181
     198
     177
     193
     179
     194
     182
     198
     186
     205
     184
     190
     185
     191
     168
     206
     204
     178
     206
     198
     183
     203
     196
     179
     176
     179
     180
     193
     194
     197
     215
     209
     183
     177
     191
     209
     191
     187
     185
     196
     191
     191
     182
     187
     190
     187
     221
     180
     191
     210
     198
     176
     191
     209
     193
     201
     186
     222
     200
     201
     190
     201
     211
     203
     209
     222
     205
     210
     213
     196
     191
     204
     211
     207
     213
     192
     199
     213
     225
     197
     228
     194
     210
     196
     209
     220
     199
     237
     210
     244
     234
     221
     209
     220
     231
     207
     214
     253
     208
     226
     228
     231
     207
     219
     233
     219
     233
     218
     239
     226
     214
     213
     224
     220
     204
     223
     179
     205
     236
     210
     208
     210
     232
     217
     195
     196
     203
     210
     193
     186
     197
     194
     223
     208
     198
     189
     201
     202
     196
     193
     204
     206
     214
     175
     217
     194
     189
     196
     203
     183
     214
     186
     198
     189
     189
     187
     239
     200
     187
     180
     214
     199
     166
     207
     211
     184
     189
     186
     183
     169
     180
     215
     194
     164
     203
     186
     206
     224
     164
     217
     200
     201
     206
     177
     166
     154
     202
     173
     176
     182
     168
     194
     182
     188
     189
     183
     186
     187
     160
     185
     148
     202
     170
     170
     177
     183
     169
     162
     165
     177
     166
     174
     174
     162
     164
     184
     192
     151
     206
     189
     199
     207
     164
     152
     178
     143
     157
     179
     148
     172
     168
     172
     162
     179
     157
     146
     153
     145
     173
     161
     181
     169
     183
     149
     147
     176
     176
     148
     160
     156
     150
     176
     170
     153
     140
     166
     173
     171
     163
     162
     158
     148
     174
     144
     152
     136
     164
     150
     159
     174
     154
     148
     134
     158
     144
     157
     154
     154
     183
     157
     160
     153
     136
     150
     149
     157
     157
     181
     170
     151
     149
     155
     156
     141
     137
     162
     146
     150
     146
     188
     158
     152
     139
     148
     159
     147
     141
     153
     148
     138
     161
     147
     137
     130
     142
     148
     149
     146
     136
     148
     144
     142
     161
     163
     137
     136
     154
     150
     145
     130
     156
     133
     161
     165
     139
     122
     137
     130
     115
     130
     136
     143
     143
     131
     148
     150
     160
     130
     150
     123
     146
     153
     158
     164
     114
     154
     131
     127
     131
     136
     126
     168
     129
     145
     145
     130
     130
     133
     158
     141
     138
     163
     130
     141
     145
     111
     142
     149
     139
     151
     130
     140
     142
     156
     135
     131
     135
     133
     138
     109
     145
     129
     142
     131
     145
     130
     140
     141
     139
     129
     134
     149
     129
     156
     114
     130
     123
     127
     135
     143
     140
     135
     141
     133
     149
     115
     123
     156
     132
     131
     135
     136
     128
     136
     143
     130
     135
     151
     145
     148
     134
     132
     143
     117
     129
     152
     132
     135
     125
     144
     143
     127
     134
     157
     143
     128
     132
     127
     133
     128
     122
     159
     122
     140
     158
     137
     120
     139
     140
     139
     127
     129
     135
     131
     145
     119
     138
     138
     120
     123
     134
     133
     160
     148
     127
     100
     132
     143
     140
     153
     151
     137
     119
     155
     139
     132
     141
     125
     111
     153
     147
     142
     141
     134
     140
     115
     149
     132
     134
     111
     133
     159
     140
     133
     122
     151
     124
     118
     124
     134
     138
     134
     141
     140
     140
     146
     118
     128
     145
     118
     124
     122
     112
     133
     136
     137
     121
     124
     115
     139
     100
     112
     129
     129
     136
     126
     157
     132
     132
     146
     164
     144
     136
     129
     148
     143
     151
     129
     154
     144
     117
     134
     141
     160
     133
     131
     112
     131
     142
     123
     117
     124
     141
     134
     120
     140
     154
     129
     131
     132
     145
     121
     125
     122
     153
     118
     143
     138
     154
     128
     120
     134
     125
     152
     140
     124
     106
     143
     137
     149
     108
     134
     139
     129
     133
     139
     131
     148
     143
     132
     130
     139
     147
     139
     128
     145
     140
     142
     125
     148
     135
     141
     120
     106
     129
     139
     158
     137
     136
     130
     128
     153
     123
     132
     133
     136
     132
     146
     145
     146
     153
     127
     123
     138
     136
     121
     125
     146
     128
     137
     140
     124
     119
     117
     133
     145
     126
     125
     143
     131
     133
     128
     145
     137
     160
     132
     144
     121
     120
     142
     144
     137
     143
     147
     140
     138
     136
     124
     126
     126
     139
     148
     140
     148
     129
     142
     141
     131
     117
     147
     127
     129
     148
     139
     162
     128
     129
     138
     127
     155
     143
     157
     141
     148
     139
     152
     117
     123
     135
     152
     131
     132
     145
     128
     134
     135
     144
     146
     119
     128
     134
     127
     154
     149
     159
     127
     131
     150
     135
     132
     132
     125
     137
     136
     135
     122
     151
     148
     134
     134
     128
     136
     120
     129
     126
     142
     142
     128
     134
     138
     132
     152
     159
     134
     124
     137
     116
     126
     117
     149
     119
     138
     132
     105
     120
     141
     137
     130
     136
     142
     120
     123
     134
     132
     145
     139
     124
     134
     113
     144
     120
     129
     121
     135
     143
     118
     118
     143
     137
     119
     121
     138
     137
     139
     120
     115
     112
     124
     137
     129
     106
     111
     124
     117
     131
     110
     114
     116
     127
     126
     111
     122
     115
     112
     104
     121
     114
     102
     111
      97
     113
     108
     108
      95
     105
     120
     109
     104
      81
     104
     102
      90
      83
      82
      98
      96
      95
     112
     101
      90
      99
      89
      86
      97
      89
      88
      72
      77
      87
      72
      84
      71
      95
      67
      99
      90
      78
      79
      80
      70
      79
      97
      70
      86
      63
      79
      68
      70
      67
      73
      80
      75
      76
      70
      88
      59
      68
      68
      70
      77
      57
      77
      67
      60
      67
      68
      60
      55
      73
      73
      53
      69
      59
      65
      62
      48
      65
      66
      66
      66
      66
      58
      69
      75
      55
      52
      56
      53
      55
      69
      61
      69
      69
      58
      63
      54
      54
      69
      59
      56
      54
      68
      43
      51
      47
      57
      64
      54
      57
      55
      63
      54
      50
      49
      53
      54
      52
      62
      59
      49
      54
      58
      46
      62
      44
      45
      54
      48
      49
      53
      67
      56
      58
      48
      46
      53
      42
      47
      60
      50
      52
      47
      41
      48
      41
      38
      39
      46
      42
      50
      44
      47
      42
      48
      42
      44
      40
      51
      34
      48
      43
      47
      31
      35
      48
      46
      36
      52
      45
      48
      40
      39
      43
      47
      44
      42
      43
      43
      43
      42
      49
      51
      44
      44
      53
      49
      46
      32
      53
      51
      30
      37
      45
      44
      34
      37
      39
      41
      37
      31
      35
      39
      36
      38
      52
      27
      38
      33
      35
      39
      52
      52
      38
      56
      45
      42
      35
      45
      47
      37
      30
      27
      37
      36
      39
      36
      34
      42
      28
      34
      32
      44
      38
      41
      43
      50
      43
      43
      33
      40
      34
      33
      50
      40
      42
      47
      30
      39
      48
      42
      40
      36
      40
      44
      31
      37
      28
      34
      33
      48
      36
      41
      38
      33
      36
      47
      33
      47
      53
      44
      41
      41
      40
      44
      42
      37
      43
      35
      38
      34
      39
      34
      52
      31
      40
      51
      41
      41
      37
      40
      43
      46
      42
      51
      43
      37
      28
      33
      42
      38
      42
      50
      38
      35
      47
      51
      46
      29
      47
      49
      59
      52
      40
      33
      43
      42
      34
      50
      33
      36
      41
      28
      47
      43
      41
      34
      41
      49
      43
      38
      47
      37
      27
      47
      35
      40
      38
      53
      48
      42
      50
      49
      35
      50
      50
      43
      44
      31
      54
      51
      57
      39
      47
      58
      56
      47
      46
      57
      40
      54
      41
      40
      37
      56
      55
      50
      56
      52
      44
      45
      51
      49
      47
      59
      54
      55
      30
      68
      61
      60
      59
      59
      44
      49
      40
      55
      56
      63
      59
      70
      58
      67
      68
      60
      90
      63
      71
      54
      69
      92
      77
      76
      64
      86
      75
      96
      67
      81
      94
      92
      77
      93
      80
     106
     110
     107
      91
     110
      96
     108
     106
     119
     123
     123
     119
     123
     130
     137
     145
     124
     129
     125
     169
     144
     153
     147
     182
     154
     155
     169
     164
     174
     152
     193
     173
     182
     195
     197
     206
     214
     199
     218
     201
     215
     225
     187
     231
     246
     227
     241
     251
     267
     277
     271
     272
     276
     272
     280
     287
     299
     320
     278
     326
     325
     326
     344
     325
     349
     373
     347
     356
     379
     394
     358
     384
     414
     414
     417
     421
     428
     450
     412
     398
     471
     481
     483
     462
     483
     471
     492
     495
     521
     519
     507
     493
     503
     544
     562
     558
     568
     521
     535
     544
     572
     560
     533
     578
     601
     623
     579
     622
     608
     622
     630
     601
     588
     624
     627
     604
     692
     665
     662
     638
     695
     700
     645
     652
     715
     661
     678
     711
     658
     699
     686
     667
     657
     716
     739
     733
     663
     692
     709
     678
     678
     689
     692
     635
     683
     675
     715
     720
     635
     683
     659
     651
     669
     653
     616
     637
     654
     622
     607
     665
     626
     637
     598
     576
     623
     594
     582
     593
     620
     561
     562
     532
     534
     574
     544
     592
     561
     542
     510
     524
     479
     464
     488
     504
     476
     462
     454
     470
     447
     405
     430
     416
     374
     414
     389
     365
     409
     364
     381
     348
     365
     377
     350
     326
     296
     317
     322
     285
     307
     293
     326
     286
     270
     269
     253
     244
     253
     251
     213
     231
     184
     228
     213
     220
     184
     192
     184
     165
     173
     183
     204
     169
     171
     141
     135
     147
     155
     127
     127
     131
      98
     102
     122
     103
     103
      84
     107
     101
     101
     101
      81
      75
      64
      76
     101
      80
      63
      66
      54
      61
      59
      65
      49
      45
      45
      45
      37
      49
      43
      42
      44
      37
      37
      44
      28
      36
      26
      28
      22
      25
      27
      28
      24
      19
      18
      24
      15
      17
      19
      17
      16
      15
      11
      14
      21
      15
       6
      13
       9
      18
       6
       8
      16
      11
       9
      13
      11
       9
       6
      13
      11
      10
      11
       3
       1
      10
       6
       7
       1
       5
       6
       5
       7
       9
       7
       6
      11
       8
       3
       6
       5
       0
       9
       6
       1
       7
       4
       3
       1
       7
       6
       9
       0
       0
       0
       0
       0
       0
       0
       0
       0
       0
       0
       0
       0
       0
       0
       0
       0
       0
       0
       0
       0
       0
       0
       0
       0
       0
       0
       0
       0
       0
       0
       0
$ROI:
0
$PRESETS:
None
0
0
$ENER_FIT:
0.000000 2.049536
$MCA_CAL:
3
0.000000E+000 2.049536E+000 0.000000E+000 keV
$SHAPE_CAL:
3
0.000000E+000 0.000000E+000 0.000000E+000
