$SPEC_ID:
Scatter
$SPEC_REM:
DET# 1
DETDESC# JLAB-11 MCB 133
AP# Maestro Version 7.01
$DATE_MEA:
03/12/2026 11:14:56
$MEAS_TIM:
736 742
$DATA:
0 2047
       0
       0
       0
       0
       0
       0
       0
       0
       0
       0
       0
       0
       0
       0
       0
       0
       0
       0
       0
       0
       0
       0
       0
       0
       0
       0
       0
       0
       0
       0
       0
       0
       0
       0
       0
       0
       0
       0
       0
       0
       0
       0
       0
       0
       0
       0
       0
       0
       0
       0
       0
       0
       0
       0
       0
       0
       0
       0
       0
       0
       0
       0
       0
       0
       0
       0
       0
       0
       0
       0
       0
       0
      66
     159
     165
     179
     169
     161
     151
     184
     171
     160
     162
     145
     159
     180
     171
     159
     179
     183
     175
     169
     188
     165
     180
     183
     169
     192
     179
     190
     174
     190
     171
     178
     163
     167
     176
     165
     193
     179
     170
     178
     167
     170
     162
     164
     171
     180
     205
     169
     194
     213
     208
     174
     174
     183
     192
     153
     169
     204
     192
     183
     169
     178
     195
     206
     201
     184
     190
     200
     191
     202
     179
     210
     201
     230
     216
     196
     199
     201
     215
     195
     209
     207
     186
     227
     225
     198
     204
     202
     237
     216
     200
     231
     234
     202
     240
     224
     220
     231
     211
     231
     218
     235
     221
     243
     237
     270
     234
     260
     223
     266
     252
     245
     251
     269
     254
     266
     274
     267
     234
     271
     252
     300
     282
     284
     311
     308
     298
     297
     310
     295
     324
     290
     303
     299
     305
     341
     336
     326
     335
     317
     336
     316
     324
     331
     377
     312
     343
     345
     348
     338
     348
     350
     370
     388
     364
     354
     385
     340
     380
     384
     393
     351
     380
     362
     344
     384
     372
     378
     376
     372
     349
     380
     355
     368
     397
     352
     398
     389
     356
     427
     363
     352
     364
     413
     377
     381
     365
     377
     359
     364
     387
     369
     371
     355
     370
     381
     383
     382
     411
     361
     377
     417
     384
     365
     364
     379
     363
     364
     390
     360
     362
     416
     428
     400
     393
     380
     412
     397
     389
     392
     383
     376
     385
     404
     393
     362
     393
     355
     326
     399
     388
     373
     377
     384
     379
     392
     385
     396
     393
     374
     388
     373
     369
     387
     364
     388
     398
     369
     345
     388
     395
     412
     395
     358
     364
     360
     372
     389
     413
     394
     346
     413
     324
     397
     360
     386
     351
     345
     380
     401
     383
     365
     387
     385
     329
     368
     416
     358
     349
     409
     374
     361
     373
     377
     362
     410
     397
     345
     356
     396
     332
     342
     364
     394
     355
     379
     359
     365
     348
     385
     376
     334
     357
     343
     335
     365
     371
     357
     358
     374
     365
     379
     372
     364
     346
     395
     378
     359
     373
     374
     333
     380
     388
     370
     361
     370
     334
     367
     392
     385
     345
     372
     362
     362
     359
     344
     375
     369
     354
     398
     352
     352
     359
     367
     341
     324
     312
     359
     377
     332
     372
     360
     375
     370
     352
     363
     313
     353
     343
     323
     328
     341
     306
     342
     352
     319
     317
     327
     335
     331
     312
     363
     322
     309
     332
     336
     312
     360
     301
     378
     320
     332
     338
     322
     354
     374
     332
     351
     358
     334
     334
     378
     308
     290
     358
     372
     337
     344
     296
     329
     303
     336
     355
     326
     325
     348
     319
     306
     355
     344
     303
     346
     341
     360
     333
     326
     369
     358
     366
     361
     364
     346
     355
     347
     332
     307
     310
     356
     310
     320
     319
     359
     324
     334
     329
     309
     370
     328
     328
     333
     332
     310
     311
     315
     341
     317
     351
     313
     349
     321
     357
     347
     363
     331
     360
     352
     366
     349
     331
     305
     342
     329
     344
     380
     277
     328
     344
     366
     352
     332
     355
     337
     345
     343
     347
     355
     384
     348
     331
     352
     330
     347
     374
     347
     313
     323
     348
     322
     341
     310
     324
     322
     308
     352
     332
     333
     336
     356
     329
     311
     317
     336
     354
     323
     301
     342
     313
     316
     324
     303
     303
     311
     311
     337
     300
     301
     318
     325
     321
     301
     343
     318
     304
     312
     299
     298
     325
     326
     296
     311
     305
     317
     290
     276
     294
     301
     329
     297
     301
     294
     291
     300
     274
     277
     302
     329
     299
     295
     277
     296
     276
     283
     309
     290
     291
     273
     267
     291
     302
     283
     276
     293
     281
     277
     293
     299
     272
     313
     279
     250
     296
     299
     275
     268
     263
     272
     276
     304
     271
     272
     279
     293
     245
     259
     259
     245
     278
     258
     297
     253
     238
     276
     269
     285
     264
     251
     277
     256
     251
     288
     249
     256
     278
     257
     265
     272
     263
     312
     240
     250
     291
     249
     221
     231
     252
     260
     262
     227
     279
     238
     257
     263
     235
     266
     270
     247
     235
     235
     245
     237
     236
     244
     238
     269
     275
     238
     246
     230
     234
     229
     242
     236
     253
     217
     240
     244
     239
     218
     219
     242
     235
     218
     228
     224
     238
     224
     217
     245
     237
     228
     230
     247
     224
     237
     222
     228
     247
     208
     224
     218
     215
     225
     253
     233
     214
     213
     241
     211
     234
     204
     223
     233
     229
     219
     241
     186
     207
     223
     202
     242
     223
     224
     237
     218
     223
     204
     206
     208
     224
     192
     222
     197
     227
     207
     207
     220
     184
     211
     199
     224
     206
     211
     212
     204
     208
     192
     202
     206
     189
     219
     215
     207
     218
     204
     202
     194
     213
     217
     201
     181
     205
     180
     223
     209
     199
     213
     184
     208
     216
     205
     203
     202
     194
     207
     203
     217
     214
     195
     194
     203
     218
     219
     188
     200
     179
     207
     196
     212
     190
     202
     212
     181
     189
     187
     194
     180
     220
     194
     202
     190
     219
     197
     211
     187
     198
     175
     210
     201
     190
     182
     199
     199
     219
     179
     183
     191
     206
     189
     183
     196
     196
     211
     179
     204
     171
     203
     199
     213
     176
     180
     219
     153
     193
     198
     193
     212
     208
     224
     186
     190
     198
     204
     184
     175
     182
     185
     181
     199
     205
     190
     176
     179
     178
     163
     163
     196
     164
     173
     195
     188
     205
     184
     189
     222
     213
     189
     156
     207
     183
     190
     209
     182
     200
     171
     180
     184
     162
     161
     209
     202
     189
     175
     182
     173
     183
     170
     183
     192
     191
     182
     185
     175
     168
     188
     173
     182
     209
     193
     187
     173
     180
     176
     153
     170
     191
     207
     166
     199
     192
     198
     183
     202
     173
     173
     161
     155
     198
     177
     189
     206
     201
     185
     165
     209
     186
     182
     185
     193
     182
     171
     187
     170
     197
     197
     199
     188
     167
     196
     204
     174
     180
     183
     205
     179
     178
     184
     173
     191
     174
     205
     196
     176
     185
     200
     170
     190
     201
     184
     181
     160
     179
     190
     204
     208
     175
     159
     164
     190
     182
     167
     192
     158
     155
     171
     187
     188
     177
     166
     167
     149
     162
     178
     162
     193
     193
     179
     176
     173
     151
     170
     174
     170
     178
     188
     178
     181
     169
     184
     193
     171
     181
     178
     182
     191
     169
     176
     158
     173
     166
     181
     181
     196
     192
     164
     175
     179
     188
     182
     173
     162
     170
     185
     167
     179
     174
     196
     185
     164
     155
     186
     150
     154
     176
     166
     181
     159
     171
     187
     172
     151
     185
     202
     136
     159
     197
     146
     152
     181
     178
     183
     198
     138
     155
     177
     166
     172
     187
     197
     148
     156
     165
     167
     180
     174
     169
     181
     172
     174
     183
     184
     174
     183
     171
     172
     156
     172
     172
     171
     176
     169
     157
     148
     202
     188
     182
     167
     174
     188
     175
     195
     170
     176
     170
     171
     178
     176
     172
     184
     153
     155
     177
     181
     164
     185
     186
     166
     176
     158
     198
     176
     184
     162
     159
     195
     166
     179
     155
     180
     171
     158
     179
     142
     157
     179
     178
     181
     181
     173
     177
     160
     157
     178
     176
     169
     160
     161
     187
     157
     179
     176
     179
     169
     185
     179
     155
     179
     176
     168
     145
     169
     166
     155
     182
     171
     169
     158
     184
     152
     169
     196
     178
     163
     149
     160
     157
     189
     169
     154
     171
     155
     171
     173
     157
     167
     153
     163
     186
     166
     148
     147
     146
     156
     172
     162
     173
     169
     141
     153
     158
     165
     150
     124
     150
     151
     167
     178
     149
     148
     150
     158
     161
     139
     139
     155
     165
     147
     144
     140
     138
     131
     162
     155
     150
     136
     130
     156
     163
     138
     148
     132
     129
     120
     142
     138
     127
     139
     138
     129
     153
     136
     146
     111
     137
     148
     114
     120
     120
     128
     111
     121
     118
     109
     126
     104
     111
     106
     112
     126
     120
     121
     121
     130
     110
     106
     112
     111
     102
      98
      93
     106
     100
     100
      92
     116
     117
      88
     100
      98
     122
     110
     107
      98
      93
      86
     110
      85
     102
     101
     110
      79
     106
      97
      90
      92
      90
      82
      84
      70
      84
      96
      85
      66
      80
      93
      91
      85
      81
      73
      86
      72
     103
      75
     100
      96
      75
      89
      77
      72
      86
      70
      82
      66
      84
      91
      78
      76
      90
      79
      92
      66
      80
      64
      73
      82
      68
      62
      65
      86
      78
      66
      69
      76
      71
      80
      76
      79
      71
      73
      71
      65
      52
      71
      49
      66
      61
      73
      53
      87
      77
      71
      58
      62
      65
      63
      66
      77
      75
      63
      68
      76
      63
      63
      64
      55
      61
      62
      68
      65
      55
      82
      66
      63
      74
      73
      67
      67
      66
      65
      70
      58
      75
      50
      63
      64
      56
      49
      75
      60
      63
      61
      63
      53
      66
      70
      67
      58
      62
      64
      55
      64
      74
      59
      73
      65
      64
      56
      66
      48
      57
      58
      54
      54
      48
      60
      42
      67
      55
      61
      60
      59
      73
      55
      63
      66
      49
      54
      50
      49
      48
      53
      58
      65
      59
      58
      59
      45
      57
      58
      58
      65
      58
      57
      55
      64
      58
      57
      56
      51
      48
      61
      59
      68
      54
      47
      52
      63
      48
      67
      43
      57
      50
      58
      63
      45
      58
      38
      52
      60
      58
      53
      64
      51
      54
      49
      51
      56
      60
      52
      49
      54
      69
      50
      47
      53
      42
      49
      57
      48
      50
      60
      47
      63
      55
      61
      60
      62
      64
      49
      54
      48
      51
      49
      50
      57
      61
      56
      73
      54
      55
      50
      55
      50
      61
      60
      72
      49
      40
      51
      62
      57
      54
      58
      53
      61
      59
      31
      55
      60
      58
      62
      47
      67
      47
      52
      61
      51
      46
      60
      58
      61
      60
      44
      61
      55
      52
      59
      83
      51
      67
      71
      55
      62
      63
      63
      55
      57
      56
      69
      68
      69
      62
      56
      42
      58
      64
      73
      79
      62
      58
      62
      59
      69
      53
      52
      71
      65
      60
      76
      59
      73
      71
      69
      66
      66
      60
      73
      73
      59
      68
      58
      77
      72
      65
      77
      71
      63
      86
      74
      95
      81
      81
      54
      69
      77
      83
      83
      83
      79
      71
     100
      79
      96
      73
      88
      74
      96
      92
     111
      99
      89
     106
      94
      90
     100
      96
     103
     102
     113
      99
     107
     101
     119
     116
     104
     136
     157
     140
     126
     117
     127
     122
     147
     145
     148
     158
     186
     141
     155
     141
     152
     164
     154
     176
     175
     195
     159
     204
     205
     186
     221
     214
     233
     225
     215
     204
     219
     226
     255
     226
     224
     248
     252
     235
     263
     220
     269
     334
     288
     330
     306
     304
     324
     312
     313
     328
     354
     337
     339
     367
     341
     376
     372
     394
     404
     377
     414
     438
     428
     414
     434
     427
     512
     454
     438
     486
     452
     499
     526
     510
     480
     496
     512
     549
     535
     560
     550
     546
     564
     557
     577
     597
     593
     565
     625
     589
     603
     629
     600
     654
     627
     644
     668
     628
     690
     710
     672
     668
     662
     712
     710
     714
     745
     759
     733
     713
     765
     732
     786
     737
     752
     756
     760
     789
     763
     757
     805
     827
     748
     809
     769
     818
     796
     776
     801
     822
     812
     800
     837
     804
     793
     822
     792
     848
     814
     773
     772
     799
     781
     849
     777
     842
     739
     751
     743
     772
     749
     769
     794
     798
     764
     777
     710
     763
     712
     739
     745
     682
     712
     669
     684
     735
     724
     705
     655
     643
     700
     655
     631
     646
     629
     573
     616
     577
     575
     611
     576
     580
     554
     548
     526
     545
     567
     487
     515
     447
     509
     477
     478
     492
     459
     390
     438
     430
     422
     441
     419
     385
     375
     368
     368
     335
     335
     344
     302
     346
     316
     306
     287
     301
     299
     305
     284
     303
     262
     298
     252
     231
     237
     225
     215
     234
     215
     192
     194
     199
     195
     187
     170
     146
     144
     152
     163
     154
     170
     148
     146
     120
     126
     118
     117
     104
     104
     105
     118
      72
     101
      85
      98
      89
      88
      83
      72
      85
      85
      75
      65
      78
      77
      62
      51
      51
      45
      52
      57
      49
      42
      45
      47
      40
      39
      47
      31
      39
      33
      20
      33
      24
      38
      37
      28
      27
      26
      36
      19
      22
      21
      27
      27
      19
      19
      16
      16
      28
      19
      23
      16
      18
      15
      19
      23
      17
      18
      21
      14
      11
      11
      18
      15
      15
      13
      15
      13
      10
      15
      12
       8
      12
      19
       9
       7
       5
      12
      10
      10
       8
      12
      10
      13
      14
       7
      12
       9
       6
      12
       0
       0
       0
       0
       0
       0
       0
       0
       0
       0
       0
       0
       0
       0
       0
       0
       0
       0
       0
       0
       0
       0
       0
       0
       0
       0
       0
       0
       0
       0
       0
       0
$ROI:
0
$PRESETS:
None
0
0
$ENER_FIT:
0.000000 2.049536
$MCA_CAL:
3
0.000000E+000 2.049536E+000 0.000000E+000 keV
$SHAPE_CAL:
3
0.000000E+000 0.000000E+000 0.000000E+000
