$SPEC_ID:
Scatter
$SPEC_REM:
DET# 1
DETDESC# JLAB-11 MCB 133
AP# Maestro Version 7.01
$DATE_MEA:
03/12/2026 10:55:18
$MEAS_TIM:
456 461
$DATA:
0 2047
       0
       0
       0
       0
       0
       0
       0
       0
       0
       0
       0
       0
       0
       0
       0
       0
       0
       0
       0
       0
       0
       0
       0
       0
       0
       0
       0
       0
       0
       0
       0
       0
       0
       0
       0
       0
       0
       0
       0
       0
       0
       0
       0
       0
       0
       0
       0
       0
       0
       0
       0
       0
       0
       0
       0
       0
       0
       0
       0
       0
       0
       0
       0
       0
       0
       0
       0
       0
       0
       0
       0
       0
      48
     145
     152
     127
     153
     134
     127
     130
     116
     127
     128
     120
     156
     139
     119
     137
     140
     131
     143
     138
     146
     150
     155
     154
     127
     143
     129
     139
     154
     137
     144
     128
     148
     150
     162
     138
     151
     138
     142
     124
     131
     147
     145
     143
     139
     141
     150
     146
     144
     143
     154
     149
     155
     136
     165
     138
     146
     145
     157
     129
     151
     160
     161
     132
     163
     151
     142
     142
     176
     173
     166
     141
     172
     141
     172
     161
     155
     181
     190
     174
     152
     156
     158
     166
     161
     173
     157
     160
     158
     176
     155
     163
     179
     189
     150
     172
     193
     179
     167
     190
     148
     175
     183
     187
     194
     195
     203
     182
     171
     196
     179
     183
     187
     196
     213
     198
     234
     203
     209
     208
     188
     190
     200
     214
     227
     185
     202
     199
     230
     218
     255
     204
     221
     233
     243
     238
     230
     224
     220
     224
     236
     233
     251
     246
     233
     235
     241
     266
     246
     209
     246
     243
     241
     288
     233
     270
     247
     236
     265
     267
     250
     286
     242
     278
     275
     276
     232
     266
     268
     275
     282
     268
     262
     294
     257
     262
     283
     279
     288
     268
     259
     281
     286
     275
     312
     256
     307
     279
     280
     244
     261
     263
     270
     257
     260
     268
     290
     280
     285
     254
     243
     255
     287
     295
     250
     276
     293
     268
     277
     293
     257
     289
     253
     276
     284
     271
     291
     273
     282
     256
     267
     281
     255
     253
     240
     293
     277
     249
     291
     270
     283
     276
     291
     254
     271
     281
     288
     249
     278
     260
     274
     249
     279
     262
     274
     259
     230
     253
     278
     273
     286
     263
     293
     276
     281
     277
     239
     280
     259
     270
     262
     270
     268
     266
     256
     275
     282
     279
     273
     251
     284
     244
     272
     261
     260
     250
     271
     238
     271
     254
     244
     261
     257
     277
     251
     245
     266
     268
     246
     294
     263
     275
     274
     277
     265
     274
     238
     274
     264
     293
     261
     230
     276
     290
     261
     251
     263
     253
     238
     249
     251
     267
     259
     280
     276
     262
     253
     269
     248
     248
     277
     243
     234
     254
     247
     244
     228
     246
     253
     251
     282
     281
     272
     242
     285
     254
     265
     243
     278
     256
     253
     279
     267
     274
     261
     247
     246
     254
     262
     267
     246
     247
     237
     251
     265
     241
     240
     238
     249
     245
     255
     267
     248
     259
     252
     241
     223
     257
     254
     277
     235
     268
     250
     250
     243
     249
     249
     276
     228
     243
     259
     243
     250
     249
     232
     249
     260
     240
     255
     224
     262
     234
     280
     235
     242
     258
     263
     260
     276
     233
     252
     250
     239
     261
     247
     237
     251
     265
     244
     253
     284
     254
     256
     240
     243
     247
     259
     231
     252
     229
     258
     235
     291
     246
     263
     260
     245
     238
     237
     245
     234
     258
     267
     261
     260
     256
     284
     255
     257
     260
     250
     266
     268
     249
     253
     250
     272
     244
     260
     262
     274
     264
     270
     243
     256
     250
     270
     264
     251
     289
     266
     258
     267
     275
     236
     282
     311
     259
     279
     260
     254
     278
     261
     284
     289
     260
     268
     268
     270
     275
     269
     221
     270
     252
     291
     277
     260
     262
     268
     269
     264
     286
     268
     256
     267
     249
     250
     246
     254
     253
     283
     291
     259
     231
     248
     265
     248
     255
     227
     234
     270
     247
     254
     225
     240
     238
     259
     242
     239
     246
     261
     233
     264
     235
     232
     256
     260
     221
     246
     209
     233
     220
     203
     247
     234
     222
     242
     213
     205
     248
     245
     223
     221
     237
     253
     198
     236
     205
     225
     230
     216
     254
     202
     208
     234
     229
     243
     228
     213
     252
     232
     222
     216
     216
     202
     206
     236
     204
     225
     219
     227
     233
     202
     227
     223
     197
     211
     220
     197
     214
     213
     222
     202
     212
     200
     224
     212
     207
     229
     219
     174
     211
     233
     196
     191
     200
     190
     203
     230
     230
     201
     192
     225
     194
     243
     212
     209
     214
     208
     187
     194
     207
     214
     232
     226
     197
     227
     195
     220
     164
     203
     205
     211
     162
     197
     183
     185
     190
     201
     198
     190
     171
     176
     204
     192
     193
     179
     194
     204
     195
     186
     199
     199
     194
     167
     194
     189
     199
     182
     182
     202
     189
     188
     181
     189
     188
     184
     191
     177
     166
     171
     186
     166
     187
     197
     192
     175
     150
     195
     172
     196
     161
     155
     173
     188
     190
     173
     187
     184
     176
     167
     186
     197
     165
     156
     196
     179
     165
     182
     154
     189
     190
     176
     160
     188
     174
     191
     189
     168
     160
     141
     178
     204
     172
     181
     183
     184
     169
     160
     172
     148
     164
     176
     169
     163
     170
     174
     151
     164
     176
     166
     168
     148
     162
     171
     177
     146
     158
     155
     180
     185
     173
     180
     162
     176
     175
     168
     178
     165
     173
     161
     163
     173
     164
     177
     182
     160
     169
     156
     168
     167
     162
     156
     182
     166
     160
     166
     161
     137
     185
     186
     155
     177
     153
     146
     147
     140
     161
     177
     162
     171
     149
     196
     142
     153
     164
     181
     153
     172
     168
     164
     132
     155
     153
     173
     150
     167
     161
     181
     163
     154
     140
     149
     141
     156
     171
     168
     159
     172
     142
     186
     160
     171
     173
     154
     140
     151
     142
     169
     151
     144
     169
     143
     155
     136
     149
     166
     153
     162
     147
     154
     165
     138
     148
     162
     161
     137
     144
     179
     149
     157
     144
     141
     175
     150
     153
     156
     148
     152
     146
     151
     152
     141
     138
     151
     152
     153
     153
     146
     191
     164
     177
     161
     168
     182
     164
     149
     157
     155
     157
     155
     146
     145
     128
     156
     144
     142
     146
     146
     166
     156
     146
     143
     143
     163
     159
     155
     161
     152
     169
     176
     141
     145
     148
     161
     166
     155
     159
     161
     174
     160
     148
     149
     155
     122
     149
     162
     145
     147
     136
     162
     173
     150
     153
     144
     147
     167
     142
     155
     148
     179
     169
     161
     140
     153
     154
     168
     142
     159
     161
     148
     142
     162
     152
     154
     155
     161
     163
     170
     183
     161
     146
     140
     166
     181
     156
     137
     169
     142
     155
     155
     143
     167
     148
     148
     147
     168
     155
     146
     129
     129
     167
     166
     149
     156
     149
     158
     142
     148
     145
     168
     155
     119
     151
     145
     164
     153
     135
     184
     145
     147
     171
     155
     136
     149
     161
     143
     132
     154
     130
     164
     154
     163
     142
     143
     170
     167
     145
     136
     160
     163
     137
     159
     134
     180
     158
     164
     163
     161
     141
     158
     146
     147
     155
     150
     166
     152
     154
     156
     156
     144
     157
     142
     166
     155
     125
     149
     148
     149
     143
     146
     180
     163
     145
     141
     137
     147
     157
     147
     147
     132
     176
     158
     135
     165
     171
     142
     139
     149
     136
     158
     157
     140
     139
     130
     152
     181
     137
     123
     163
     143
     163
     168
     172
     150
     164
     141
     153
     154
     135
     172
     145
     149
     171
     162
     182
     158
     144
     133
     157
     155
     158
     175
     175
     133
     151
     158
     163
     153
     151
     167
     134
     149
     143
     155
     152
     157
     134
     137
     138
     147
     156
     193
     146
     127
     149
     132
     171
     132
     134
     151
     172
     158
     161
     140
     132
     147
     161
     148
     152
     145
     138
     151
     164
     144
     163
     144
     163
     154
     165
     124
     145
     169
     134
     155
     149
     168
     154
     140
     141
     154
     165
     142
     155
     168
     147
     153
     138
     143
     154
     153
     157
     146
     164
     151
     144
     165
     156
     150
     162
     123
     132
     162
     132
     152
     123
     148
     130
     136
     145
     138
     148
     132
     115
     141
     121
     155
     146
     140
     131
     118
     133
     138
     125
     119
     128
     129
     125
     132
     129
     127
     128
     133
     122
     137
     122
     150
     137
     115
     128
     108
     108
     103
     105
     135
     106
     121
     111
     116
     117
     124
     111
     122
     119
     119
     105
     112
      95
     114
     117
     117
     120
     101
     115
      88
     116
      95
      99
     113
     100
     103
      99
     108
      99
      94
     104
      89
     110
      99
      85
      98
      83
      86
      87
      89
      71
      93
      96
      72
      90
      79
      80
      73
      88
      85
      61
      90
      74
      73
      70
      72
      92
      72
      78
      64
      77
      94
      82
      70
      73
      79
      72
      82
      82
      69
      67
      67
      63
      67
      70
      71
      67
      73
      65
      63
      68
      69
      65
      71
      59
      79
      79
      68
      70
      73
      67
      76
      63
      57
      71
      70
      67
      71
      49
      69
      56
      87
      60
      62
      57
      62
      70
      65
      63
      62
      87
      57
      65
      69
      62
      51
      58
      56
      63
      62
      52
      65
      48
      44
      62
      60
      71
      58
      63
      51
      70
      75
      52
      49
      59
      56
      57
      53
      65
      47
      63
      49
      53
      47
      54
      48
      50
      55
      56
      47
      59
      58
      41
      58
      61
      64
      64
      63
      51
      62
      53
      38
      54
      48
      62
      62
      46
      42
      53
      66
      49
      61
      56
      43
      41
      62
      59
      72
      57
      44
      44
      36
      51
      56
      41
      32
      49
      41
      54
      39
      36
      36
      51
      52
      60
      59
      45
      43
      46
      52
      34
      51
      37
      56
      51
      42
      47
      42
      35
      47
      64
      43
      51
      53
      50
      47
      61
      54
      45
      40
      43
      39
      49
      49
      34
      42
      47
      57
      49
      50
      63
      39
      44
      38
      66
      28
      38
      44
      50
      47
      46
      50
      43
      41
      47
      49
      31
      52
      47
      38
      47
      45
      43
      40
      61
      54
      43
      46
      42
      38
      47
      53
      46
      41
      52
      45
      48
      37
      49
      41
      56
      45
      40
      47
      45
      48
      47
      61
      56
      49
      46
      40
      45
      39
      43
      41
      51
      57
      54
      40
      38
      44
      46
      50
      42
      57
      44
      60
      62
      36
      37
      55
      50
      47
      58
      46
      46
      42
      59
      52
      42
      47
      50
      45
      51
      53
      49
      39
      62
      53
      62
      67
      58
      49
      41
      53
      43
      43
      61
      47
      56
      52
      58
      50
      42
      45
      40
      53
      49
      46
      46
      64
      37
      62
      54
      52
      60
      55
      59
      67
      68
      58
      66
      43
      67
      47
      60
      54
      55
      56
      61
      76
      56
      50
      46
      87
      51
      65
      50
      54
      70
      62
      50
      62
      61
      61
      66
      74
      67
      71
      78
      72
      75
      66
      73
      75
      81
      81
      76
      73
      91
      92
      88
      87
      88
      68
      85
      90
      84
      80
      85
     102
     113
      99
     113
     100
     106
     108
      95
     108
     115
      97
     130
     116
     115
     136
     121
     115
     122
     138
     149
     100
     140
     121
     133
     154
     156
     154
     181
     166
     149
     178
     188
     183
     166
     172
     192
     226
     224
     203
     213
     211
     221
     202
     239
     226
     194
     242
     247
     264
     256
     254
     255
     269
     306
     291
     286
     267
     282
     300
     321
     332
     328
     331
     345
     336
     353
     344
     343
     351
     391
     363
     392
     377
     415
     384
     403
     399
     432
     425
     475
     455
     421
     437
     483
     447
     459
     465
     511
     490
     494
     517
     530
     518
     484
     541
     518
     572
     515
     551
     556
     576
     601
     657
     593
     572
     655
     654
     647
     647
     642
     643
     625
     650
     673
     674
     651
     708
     716
     641
     704
     678
     736
     764
     716
     693
     673
     729
     752
     707
     791
     703
     735
     735
     777
     711
     767
     778
     756
     762
     766
     748
     722
     714
     724
     727
     793
     766
     747
     766
     753
     778
     712
     741
     757
     751
     732
     746
     751
     743
     716
     703
     685
     735
     657
     723
     674
     732
     665
     650
     641
     656
     658
     629
     649
     654
     664
     611
     652
     647
     634
     576
     558
     591
     586
     548
     565
     584
     569
     551
     556
     529
     504
     522
     522
     514
     455
     483
     471
     458
     430
     457
     453
     461
     422
     437
     413
     423
     374
     373
     361
     365
     345
     374
     304
     348
     339
     310
     309
     289
     297
     281
     285
     249
     283
     249
     271
     238
     204
     223
     221
     220
     205
     200
     205
     198
     165
     171
     182
     197
     166
     143
     148
     159
     154
     163
     146
     169
     130
     121
     119
      99
      98
     102
     108
     111
     103
     105
      95
      73
      83
      86
      87
      76
      68
      73
      63
      60
      64
      54
      48
      62
      54
      50
      43
      55
      52
      36
      53
      40
      40
      26
      37
      43
      31
      32
      35
      29
      24
      32
      22
      31
      27
      15
      20
      27
      26
      18
       9
      28
      25
      17
      17
       8
      24
      16
      14
      16
      10
      14
      11
      16
      16
      11
      11
      18
       9
      13
      12
       7
       8
      16
      12
      10
       8
      13
       6
       4
       9
       8
       6
       9
      11
       4
       6
       5
       7
       7
      10
       7
       4
      12
       6
       7
       2
       5
       7
       9
       8
       0
       0
       0
       0
       0
       0
       0
       0
       0
       0
       0
       0
       0
       0
       0
       0
       0
       0
       0
       0
       0
       0
       0
       0
       0
       0
       0
       0
       0
       0
       0
       0
$ROI:
0
$PRESETS:
None
0
0
$ENER_FIT:
0.000000 2.049536
$MCA_CAL:
3
0.000000E+000 2.049536E+000 0.000000E+000 keV
$SHAPE_CAL:
3
0.000000E+000 0.000000E+000 0.000000E+000
