$SPEC_ID:
Scatter
$SPEC_REM:
DET# 1
DETDESC# JLAB-11 MCB 133
AP# Maestro Version 7.01
$DATE_MEA:
03/12/2026 09:57:30
$MEAS_TIM:
1194 1199
$DATA:
0 2047
       0
       0
       0
       0
       0
       0
       0
       0
       0
       0
       0
       0
       0
       0
       0
       0
       0
       0
       0
       0
       0
       0
       0
       0
       0
       0
       0
       0
       0
       0
       0
       0
       0
       0
       0
       0
       0
       0
       0
       0
       0
       0
       0
       0
       0
       0
       0
       0
       0
       0
       0
       0
       0
       0
       0
       0
       0
       0
       0
       0
       0
       0
       0
       0
       0
       0
       0
       0
       0
       0
       0
       0
       0
       0
       0
       0
       0
       0
       0
       0
       0
       0
       0
       0
       0
       0
       0
       0
       0
       0
       0
       0
       0
       0
       0
       0
       0
       0
       0
       0
       0
       0
       0
       0
       0
       0
       0
       0
       0
       0
       0
       0
       0
       0
       0
       0
       0
       0
       0
       0
       0
       0
       0
       0
       0
       0
       0
       0
       0
       0
       0
       0
       0
       0
       0
       0
       0
       0
       0
       0
       0
       0
       0
       0
       0
       0
       0
       0
       0
       0
       0
       0
       0
       0
       0
       0
       0
       0
       0
       0
       0
       0
       0
       0
       0
       0
       0
       0
       0
       0
       0
       0
       0
       0
       0
       0
       0
       0
       0
       0
       0
       0
       0
       0
       0
       0
       0
       0
       0
       0
       0
       0
       0
       0
       0
       0
       0
       0
       0
       0
       0
       0
       0
       0
       0
       0
       0
       0
       0
       0
       0
       1
       0
       3
       3
       1
       4
       4
       5
       5
       0
       5
       2
       2
       3
       3
       3
       2
       7
       4
       3
       4
       4
       7
       4
       3
       2
       3
       1
       3
       6
       2
       3
       4
       1
       4
       1
       7
       2
       1
       4
       4
       2
       3
       2
       4
       2
       4
       4
       4
       3
       4
       5
       1
       5
       1
       4
       2
       4
       1
       4
       4
       4
       5
       0
       1
       3
       3
       5
       2
       4
       4
       5
       6
       4
       1
       5
       3
       2
       4
       4
       2
       6
       5
       5
       4
       5
       2
       4
       4
       2
       4
       2
       4
       1
       3
       6
       3
       2
       5
       4
       3
       2
       4
       4
       8
       2
       2
       3
       5
       5
       2
       4
       4
       5
       2
       6
       3
       2
       4
       4
       6
       2
       2
       2
       3
       3
       6
       5
       1
       5
       5
       9
       6
       3
       2
       3
       0
       2
       6
       4
       4
       4
       1
       4
       4
       4
       1
       4
       3
       5
       2
       4
       6
       6
       4
       7
       3
       6
       2
       3
       2
       5
       7
       3
       2
       2
       1
       4
       6
       4
       3
       4
       2
       0
       2
       1
       6
       2
       4
      10
       8
       2
       3
       2
       1
       2
       3
       3
       7
       6
       3
       6
       5
       3
       6
       5
       1
       4
       3
       5
       4
       2
       3
       3
       4
       2
       3
       5
       5
       3
       1
       6
       6
       4
       3
       6
       4
       2
       4
       1
       2
       4
       3
       5
       2
       3
       3
       1
       4
       7
       4
       2
       5
       5
       4
       2
       5
       6
       3
       6
       4
       4
       2
       3
       5
       2
       5
       6
       2
       2
       5
       5
       6
       8
       7
       3
       6
       7
       7
       3
       3
       2
       1
       5
       3
       3
       4
       5
       6
       4
       4
       7
       5
       5
       2
       5
       6
       5
       2
       2
       2
       8
       3
       8
       1
       4
       7
       5
       6
       5
       2
       3
       4
       1
       4
       4
       6
       4
       3
       5
       6
       5
       3
       1
       6
       4
       4
       6
       6
       5
       6
       7
       5
       2
       6
       4
       3
       3
       4
       3
       7
       4
       4
       4
       4
      10
       4
       9
       3
       7
       7
       2
       7
       4
       4
       5
       4
       4
       6
       6
       7
       5
       6
       4
       5
       3
       2
       8
       6
       6
       4
       6
       6
       5
       3
       9
       6
       7
       4
       6
       9
       3
       3
       3
       6
       3
       6
       7
       1
       4
       3
       8
       4
       8
       3
      10
       4
       8
       7
       8
       9
       1
       5
       6
       3
       8
       3
       6
       8
       7
       3
       7
       6
       4
       6
       2
       7
       9
       7
       4
       5
       9
       5
       8
       7
      11
      11
       6
      11
       5
       6
      11
      12
       7
       7
      12
       9
      10
       7
       4
       2
       2
       9
       7
       6
       8
       6
       6
       6
       6
       7
      10
       3
      14
       6
       7
       5
      10
       8
       7
       4
       6
       7
       5
       9
       7
       5
       9
       3
      10
       7
       4
       6
       7
       6
       5
      15
       7
       7
       3
       9
       6
       3
       7
       6
       7
       7
      11
       4
       6
      11
       5
       4
       5
       7
       5
       8
       4
       3
       5
       4
       5
       5
       5
      10
      11
      10
       5
       6
       5
       5
       8
       4
       3
       5
       6
       6
       7
       4
       8
       2
       8
      10
       9
       4
      13
       7
       9
      14
       6
       8
       7
       4
       7
       8
       9
       5
      13
       4
       7
       7
       6
      10
      10
       9
       2
       8
       5
      11
       2
       5
       8
      12
       9
       3
       8
       1
       5
      11
       7
       5
       4
       8
       9
       2
       6
       2
      12
       6
       3
       6
       8
      11
      10
       5
       9
       2
       2
      11
       5
       8
       9
       3
       4
       6
       5
      10
      12
       9
       6
       6
       9
       5
       8
       5
       6
      11
       9
       6
       4
       5
       3
       2
       4
       6
       4
       9
       5
       4
       5
       3
       6
       8
       9
       8
       4
       3
       4
       4
       7
       3
       5
       5
       1
       6
       4
      10
       8
       9
       7
       7
       6
       8
       5
       6
       9
       3
       7
       9
       4
       7
       5
       7
       4
       6
       6
       5
       9
       4
       3
       9
       3
       7
      11
       5
       6
       6
       3
       3
       7
       6
       3
       8
       4
       3
       2
       2
       7
       8
       3
       6
       8
       4
       4
       9
       5
       8
       8
       3
       7
       4
       6
       5
       6
       8
       2
       4
      10
      10
       6
       8
       9
       7
       4
       6
       5
       8
       4
       2
       7
       3
       6
       6
       2
       5
       8
       2
       4
       1
       7
       4
       8
       4
       5
       8
       5
       3
       6
       6
       5
       9
       7
       9
       3
       4
       4
       4
       7
       3
       3
       8
       7
       6
       6
       4
       4
       3
       3
       5
       5
       4
       6
       1
       7
       8
       5
       3
       8
       6
       6
       4
       5
       4
       4
       2
       1
       1
       3
       8
       4
       6
       5
       4
       4
       4
       6
       2
       3
       2
       4
       6
       3
       4
      10
       3
       4
       5
       5
       6
       8
       3
       7
      11
      11
       5
       9
       4
       8
       4
       3
       5
       8
       7
       5
       6
       8
       7
       4
       1
       9
       5
       6
      10
       8
       5
       7
      10
       7
       3
       4
       6
       8
       9
       4
       5
       6
       7
       3
       3
       3
       4
       5
       7
       3
      10
       8
       4
       7
       6
      10
       4
       3
       3
       7
       6
       7
       5
       5
       6
       8
       5
       6
       6
       7
       3
       6
       7
       8
       6
       4
       9
       9
       6
       5
       4
       8
       7
       5
       6
       9
       5
       4
       4
       9
      12
       8
       2
       7
      10
       8
       8
       8
       7
       9
       7
      10
       5
       9
      10
       5
       5
       7
       9
       3
       2
      14
      10
       5
       7
       6
       8
       7
      12
      13
       5
      15
       5
       7
      10
       7
      11
       8
      12
       8
      11
      12
       5
      10
      12
       7
      11
       8
      22
       9
       9
       8
       8
      11
      18
      10
      19
      14
      12
      15
       8
       8
       8
      17
       7
      11
       7
      12
      13
      12
      14
       8
      10
       8
      10
       5
      12
      11
      17
       9
      13
      13
      12
       7
      11
      10
      13
      18
      11
      12
       7
       9
      17
      13
      22
      13
       8
      13
      12
      11
      14
      11
      10
      12
      15
      15
      10
      12
      17
      14
      12
      10
      11
      14
      16
      12
       8
      15
      12
      12
      18
      18
      19
      11
      16
       8
      20
      13
      10
       8
      12
      12
      16
      15
      15
      19
       9
       9
       7
      20
       7
      12
      11
      13
      19
       9
       9
      11
       9
      14
      12
      17
      15
       9
      12
      21
      10
      15
      11
       9
      15
      21
      24
       8
      18
      12
      12
      14
      13
      15
      12
      20
      16
      14
      15
      11
      10
      16
      14
      10
      11
      15
      21
      14
      17
       9
      12
      12
       6
      10
      17
       5
      10
      17
       9
      10
      13
      10
      13
      12
      14
      11
      16
      12
      16
      14
      11
      11
      13
      13
      12
      19
       5
       8
      12
      12
      17
      11
      11
      11
       9
      13
       9
      10
       5
      11
       7
      11
       9
      16
      12
      11
      10
      13
      15
      12
       5
       7
      14
      12
      10
       8
      13
       8
       9
       6
       9
       9
       9
       8
       9
       3
      10
       7
      15
      11
      10
       8
       6
      11
       7
       5
       5
       4
       4
      12
       7
       6
      10
       6
      11
      11
      10
      10
       1
       7
       4
       6
      10
       9
      10
       8
       4
       4
      12
       5
       9
       5
       7
      14
       6
       9
       6
       8
       4
       4
       2
       5
       6
       8
       3
       3
       6
       4
       8
       3
       3
       4
       5
       5
       8
       4
       0
       4
       1
       8
       8
       7
       3
       4
       5
       4
       6
       6
       6
       4
       8
       1
       0
       7
       2
       5
       1
       2
       5
       4
       6
       5
       4
       5
       1
       4
       2
       4
       1
       2
       3
       1
       2
       3
       4
       7
       0
       3
       2
       1
       2
       3
       4
       1
       4
       1
       5
       2
       1
       1
       0
       1
       1
       2
       1
       3
       0
       0
       1
       4
       3
       3
       0
       3
       1
       2
       2
       1
       2
       1
       1
       1
       2
       1
       0
       0
       2
       2
       1
       1
       0
       1
       2
       1
       1
       0
       0
       4
       1
       0
       0
       2
       2
       1
       0
       3
       2
       1
       0
       0
       2
       1
       1
       0
       1
       0
       1
       0
       0
       0
       0
       1
       0
       0
       0
       0
       1
       1
       1
       0
       0
       1
       1
       1
       2
       0
       0
       3
       0
       0
       0
       2
       1
       1
       1
       0
       3
       2
       0
       0
       2
       0
       1
       0
       1
       2
       0
       2
       1
       0
       1
       0
       1
       0
       0
       0
       0
       2
       0
       1
       0
       0
       0
       1
       0
       0
       0
       0
       0
       1
       2
       0
       0
       0
       0
       2
       0
       1
       0
       0
       1
       1
       0
       1
       0
       0
       0
       0
       0
       0
       0
       0
       2
       1
       0
       0
       0
       1
       0
       1
       0
       0
       0
       0
       1
       0
       0
       0
       0
       1
       0
       0
       0
       0
       0
       0
       0
       0
       0
       0
       0
       2
       1
       0
       0
       1
       0
       1
       0
       1
       0
       0
       1
       0
       0
       0
       0
       1
       0
       0
       0
       0
       0
       0
       1
       0
       0
       0
       0
       0
       2
       0
       1
       0
       0
       0
       0
       0
       1
       0
       0
       2
       0
       0
       1
       0
       0
       0
       1
       0
       0
       1
       0
       0
       1
       1
       0
       1
       0
       0
       0
       1
       1
       1
       0
       0
       1
       1
       2
       2
       0
       0
       0
       0
       0
       0
       0
       0
       0
       0
       0
       0
       0
       1
       0
       0
       0
       1
       0
       0
       0
       0
       2
       1
       1
       0
       0
       0
       1
       1
       1
       0
       0
       1
       1
       0
       1
       0
       0
       2
       0
       0
       0
       1
       0
       1
       1
       1
       0
       0
       1
       0
       0
       1
       1
       0
       0
       0
       0
       0
       0
       1
       1
       0
       2
       1
       1
       1
       0
       0
       0
       0
       0
       1
       0
       0
       0
       0
       1
       0
       0
       0
       1
       0
       0
       0
       0
       0
       0
       1
       0
       0
       0
       0
       0
       0
       0
       0
       1
       0
       1
       0
       1
       1
       0
       1
       0
       0
       0
       1
       0
       0
       0
       0
       0
       0
       0
       0
       0
       0
       0
       2
       0
       1
       0
       0
       1
       0
       0
       0
       0
       0
       0
       0
       1
       0
       0
       0
       0
       0
       0
       0
       0
       1
       0
       0
       0
       0
       0
       0
       0
       0
       0
       0
       0
       0
       0
       0
       0
       0
       0
       0
       0
       0
       0
       0
       0
       0
       0
       0
       0
       0
       0
       0
       0
       0
       0
       0
       0
       0
       0
       0
       0
       0
       0
       0
       0
       0
       1
       0
       0
       1
       2
       0
       0
       0
       0
       0
       0
       0
       0
       1
       0
       0
       0
       0
       0
       1
       0
       0
       0
       0
       0
       1
       0
       0
       0
       0
       0
       0
       0
       0
       0
       0
       0
       0
       0
       0
       0
       0
       0
       0
       0
       0
       0
       0
       0
       0
       0
       0
       0
       1
       2
       0
       1
       0
       0
       0
       0
       0
       0
       1
       1
       0
       0
       0
       0
       0
       0
       0
       0
       0
       0
       0
       0
       0
       0
       0
       0
       0
       0
       0
       1
       0
       0
       0
       0
       0
       1
       0
       0
       0
       0
       0
       1
       0
       0
       0
       0
       0
       0
       0
       0
       0
       1
       0
       0
       0
       0
       0
       0
       0
       0
       0
       0
       0
       0
       0
       0
       0
       0
       1
       0
       0
       0
       0
       0
       0
       0
       0
       0
       0
       0
       1
       0
       0
       0
       1
       0
       0
       0
       0
       0
       0
       0
       0
       0
       0
       0
       0
       0
       0
       0
       0
       0
       0
       0
       0
       0
       0
       0
       0
       0
       0
       0
       0
       0
       0
       0
       0
       0
       0
       0
       0
       0
       0
       0
       0
       0
       0
       0
       0
       0
       0
       0
       0
       0
       0
       0
       0
       0
       0
       0
       0
       0
       0
       0
$ROI:
0
$PRESETS:
None
0
0
$ENER_FIT:
0.000000 2.049536
$MCA_CAL:
3
0.000000E+000 2.049536E+000 0.000000E+000 keV
$SHAPE_CAL:
3
0.000000E+000 0.000000E+000 0.000000E+000
