$SPEC_ID:
Recoil
$SPEC_REM:
DET# 2
DETDESC# JLAB-11 MCB 134
AP# Maestro Version 7.01
$DATE_MEA:
03/12/2026 09:57:28
$MEAS_TIM:
1144 1198
$DATA:
0 2047
       0
       0
       0
       0
       0
       0
       0
       0
       0
       0
       0
       0
       0
       0
       0
       0
       0
       0
       0
       0
       0
       0
       0
       0
       0
       0
       0
       0
       0
       0
       0
       0
       0
       0
       0
       0
       0
       0
       0
       0
       0
       0
       0
       0
       0
       0
       0
       0
       0
       0
       0
       0
       0
       0
       0
       0
       0
       0
       0
       0
       0
       0
       0
       0
       0
       0
       0
       0
       0
       0
       0
       0
       0
       0
       0
       2
       1
       1
       3
       2
       1
       2
       3
       2
       1
       1
       2
       3
       3
       1
       2
       3
       0
       1
       3
       1
       2
       2
       3
       1
       3
       1
       3
       0
       1
       3
       4
       1
       3
       4
       2
       2
       3
       4
       3
       0
       2
       2
       0
       2
       4
       5
       4
       2
       0
       3
       3
       2
       4
       1
       2
       3
       2
       0
       2
       0
       0
       4
       1
       0
       4
       1
       2
       3
       2
       2
       4
       5
       3
       5
       5
       5
       4
       1
       3
       3
       7
       3
       1
       2
       3
       2
       1
       2
       1
       4
       3
       3
       2
       1
       6
       1
       6
       2
       4
       2
       5
       4
       2
       1
       0
       3
       2
       3
       1
       4
       3
       0
       4
       0
       2
       3
       2
       6
       3
       4
       3
       4
       4
       5
       6
       4
       1
       1
       5
       5
       3
       4
       2
       2
       3
       6
       3
       5
       3
       1
       4
       3
       0
       5
       2
       3
       2
       5
       5
       4
       2
       2
       1
       1
       5
       6
       5
       2
       4
       3
       3
       4
       1
       2
       5
       1
       4
       4
       2
       3
       2
       7
       0
       6
       3
       5
       6
       3
       5
       4
       5
       3
       2
       5
       2
       5
       4
       3
       5
       1
       2
       4
       2
       6
       3
       3
       2
       4
       4
       5
       7
       4
       5
       3
       9
       1
       3
       4
       1
       2
       4
       4
       4
       7
       1
       3
       8
       6
       6
       5
       1
       5
       2
       5
       2
       4
       4
       3
       5
       5
       5
       4
       4
       9
       3
       6
       3
       2
       3
       4
       4
       2
       5
       8
       3
       6
       6
       7
       3
       3
      11
       4
       4
       5
       6
       6
       6
       2
       3
       8
       6
       4
       4
       4
       7
       3
       8
       7
       4
       2
       5
       6
       5
       7
       3
       6
       7
       3
       5
       5
       3
       3
      11
      10
       8
       6
       4
       3
       9
       3
       4
      13
       7
       8
       8
       6
       7
       4
       6
      10
       5
       6
       6
       8
      10
       9
       6
      10
      11
       4
       9
       9
       8
       8
       6
       9
       9
      10
      13
      13
       9
       7
       6
      14
      11
      12
       7
       6
       8
       8
       9
       9
      19
       7
       9
      14
      11
       5
       8
      10
      16
      10
       7
       8
      10
       6
      13
       6
      14
      17
      14
      10
      12
      14
      10
       9
       9
       6
      10
      18
      14
      18
      14
      13
      10
      20
      15
      16
      12
      19
      11
      13
      15
      16
      16
      17
       9
      14
      15
      12
      20
      16
      17
      14
      24
      15
      14
      15
      12
      16
      12
      13
      11
      15
      12
      16
      14
      13
      18
      18
      14
      23
      18
      17
      17
      18
      23
      20
      12
      17
      18
      15
      13
      15
      22
      13
      12
      23
      16
      18
      18
      25
      17
      17
      18
      17
      21
      20
      20
      18
      16
      16
      12
      17
      15
      17
      16
      18
      14
      16
      24
      23
      16
      11
      13
      11
      11
      16
      14
      18
      16
      23
      21
      16
      26
      15
      23
      20
      22
      11
      25
      16
      25
      19
      18
      22
      23
      16
      15
      16
      24
      18
      22
      24
      18
      16
      20
      20
      23
      17
      13
      15
      18
      12
      13
      16
      19
      17
      14
      22
      17
      12
      19
      19
      12
      15
      22
      19
      19
      17
      17
      13
      17
      13
      10
      13
      13
      20
      21
      14
      11
      22
      25
      16
      24
      19
      15
      12
      11
      22
      17
      19
      20
      14
      11
      20
      10
      18
      12
      15
      18
      14
      14
      18
      14
      13
      12
      17
      14
      14
      23
      19
       8
      12
      14
      24
      11
       8
      10
       9
      12
      16
      12
      13
      13
      10
      10
      13
      16
      12
      17
      14
      18
      11
      11
      12
       9
      13
      20
      17
      12
       9
      12
      12
      14
      10
      15
       8
      16
      13
       8
      14
       8
      17
       9
      15
       7
       6
      12
       7
      13
       9
       6
      10
      11
      15
       8
      12
      11
      10
       6
      15
      11
      14
       6
       8
      14
      10
      12
       7
      10
      12
      12
      10
      12
       7
       8
       6
      10
       6
       3
       6
       6
       9
       6
       5
       9
      11
       7
       6
       5
       8
       7
       9
       5
      13
       6
       7
       7
       5
      10
       9
       8
      10
       4
       7
       6
       3
       8
      13
       5
       8
       7
       4
       8
       6
       3
       6
       4
      11
       8
       4
       9
       5
      12
       6
       1
       7
       6
       4
       4
       4
       7
       6
       3
       2
       4
      10
       4
       3
       3
       4
       7
       6
       3
       3
       7
       6
       4
       3
       1
       3
       5
       3
       4
       5
       6
       3
       4
       2
       6
       5
       4
       0
       4
       2
       3
       3
       6
       6
       4
       4
       4
       2
       5
       5
       6
      10
       5
       2
       5
       5
       8
       4
       4
       3
       6
       1
       8
       5
       6
       2
       4
       4
       5
       9
       3
       0
       3
       1
       5
       3
       4
       2
       2
       1
       4
       3
       4
       3
       1
       5
       4
       5
       3
       0
       2
       6
       7
       1
       0
       3
       0
       2
       2
       0
       2
       4
       4
       5
       5
       2
       4
       3
       3
       7
       4
       2
       2
       4
       3
       1
       1
       3
       3
       4
       6
       6
       2
       3
       2
       4
       2
       5
       1
       4
       2
       6
       2
       2
       1
       2
       5
       1
       2
       4
       3
       5
       5
       5
       5
       4
       4
       2
       4
       3
       2
       4
       2
       5
       1
       2
       2
       3
       2
       0
       1
       4
       1
       2
       3
       2
       3
       3
       3
       2
       1
       1
       1
       3
       4
       2
       3
       1
       3
       2
       2
       1
       2
       1
       6
       4
       2
       5
       1
       4
       1
       2
       5
       6
       1
       4
       2
       2
       1
       2
       1
       3
       3
       2
       4
       4
       0
       1
       2
       1
       1
       5
       3
       5
       1
       4
       9
       1
       3
       3
       0
       1
       3
       2
       3
       1
       2
       3
       4
       4
       5
       3
       1
       2
       7
       2
       4
       0
       2
       6
       5
       4
       3
       4
       2
       1
       1
       3
       2
       3
       4
       4
       2
       0
       3
       5
       5
       3
       3
       2
       5
       0
       1
       0
       0
       6
       3
       1
       1
       2
       1
       2
       2
       4
       1
       2
       4
       3
       1
       2
       3
       2
       6
       3
       5
       2
       2
       1
       2
       2
       3
       4
       2
       2
       1
       4
       5
       4
       3
       4
       8
       1
       2
       2
       3
       3
       2
       0
       3
       1
       2
       2
       2
       2
       0
       2
       1
       3
       1
       2
       6
       2
       3
       1
       1
       3
       1
       4
       0
       2
       2
       1
       2
       2
       3
       2
       3
       4
       1
       2
       1
       1
       5
       2
       3
       0
       3
       0
       3
       4
       3
       4
       1
       3
       1
       4
       1
       4
       1
       2
       3
       2
       4
       0
       1
       3
       2
       1
       1
       2
       3
       1
       5
       2
       5
       3
       4
       1
       0
       4
       2
       1
       6
       4
       2
       0
       1
       1
       4
       3
       2
       2
       1
       2
       1
       3
       4
       1
       1
       2
       2
       1
       1
       3
       2
       4
       0
       4
       2
       1
       3
       1
       2
       2
       0
       2
       2
       1
       1
       1
       1
       2
       2
       0
       2
       2
       1
       5
       3
       0
       0
       3
       0
       0
       0
       2
       2
       2
       2
       0
       1
       2
       0
       1
       1
       0
       3
       1
       2
       0
       1
       0
       2
       1
       1
       1
       2
       3
       2
       1
       1
       2
       1
       1
       0
       6
       0
       0
       3
       1
       2
       3
       3
       0
       3
       0
       1
       3
       3
       3
       1
       0
       2
       4
       1
       1
       0
       0
       2
       0
       0
       1
       1
       1
       1
       0
       0
       1
       1
       2
       1
       0
       1
       0
       2
       0
       1
       1
       0
       0
       0
       1
       2
       1
       1
       0
       1
       1
       0
       2
       0
       3
       1
       1
       1
       1
       1
       0
       2
       0
       1
       3
       1
       3
       0
       2
       2
       2
       2
       1
       1
       1
       1
       2
       0
       1
       0
       0
       0
       0
       0
       3
       2
       0
       2
       1
       0
       0
       1
       0
       2
       0
       1
       0
       0
       0
       0
       0
       1
       0
       1
       0
       0
       1
       1
       0
       2
       1
       2
       1
       0
       0
       4
       0
       0
       1
       1
       0
       1
       0
       0
       0
       0
       1
       2
       2
       1
       0
       1
       0
       1
       1
       0
       0
       0
       2
       1
       1
       0
       1
       2
       2
       0
       1
       1
       3
       2
       2
       0
       2
       0
       1
       0
       1
       1
       1
       0
       0
       0
       1
       0
       1
       1
       0
       2
       0
       0
       0
       0
       0
       0
       0
       0
       0
       1
       0
       0
       0
       1
       1
       0
       0
       0
       0
       0
       0
       0
       0
       1
       0
       0
       0
       0
       0
       1
       0
       0
       0
       0
       1
       3
       1
       0
       1
       0
       0
       0
       0
       0
       0
       0
       1
       0
       1
       0
       0
       1
       0
       0
       1
       0
       0
       0
       1
       0
       0
       0
       0
       0
       0
       0
       1
       0
       0
       1
       0
       2
       1
       0
       0
       0
       0
       0
       1
       1
       0
       1
       0
       2
       0
       0
       0
       0
       0
       2
       0
       0
       1
       0
       0
       1
       0
       1
       2
       1
       0
       0
       0
       0
       1
       1
       0
       0
       0
       0
       0
       1
       0
       0
       0
       0
       0
       0
       0
       1
       1
       1
       0
       1
       0
       2
       1
       0
       1
       0
       0
       0
       0
       0
       0
       1
       0
       0
       0
       0
       0
       0
       0
       0
       1
       1
       0
       0
       0
       0
       0
       0
       0
       2
       0
       0
       0
       0
       1
       0
       1
       1
       1
       0
       0
       0
       0
       0
       0
       0
       0
       1
       1
       0
       1
       0
       0
       0
       0
       0
       1
       1
       0
       1
       0
       0
       0
       0
       0
       0
       0
       0
       0
       0
       0
       1
       0
       0
       0
       0
       0
       0
       1
       4
       0
       1
       2
       1
       0
       1
       1
       0
       0
       1
       0
       1
       0
       0
       0
       1
       1
       0
       1
       0
       0
       0
       0
       0
       1
       0
       0
       0
       0
       0
       0
       0
       0
       0
       0
       0
       0
       0
       1
       2
       0
       1
       1
       1
       1
       0
       0
       0
       0
       0
       2
       0
       1
       0
       0
       0
       0
       0
       0
       0
       0
       0
       0
       0
       0
       1
       0
       1
       0
       2
       2
       1
       2
       0
       0
       1
       1
       0
       0
       0
       0
       2
       0
       3
       0
       0
       0
       0
       0
       0
       0
       2
       1
       0
       0
       0
       2
       1
       1
       0
       0
       0
       0
       1
       3
       2
       2
       1
       0
       1
       0
       1
       0
       0
       0
       2
       1
       2
       1
       3
       0
       2
       1
       1
       2
       1
       2
       3
       1
       2
       0
       2
       2
       3
       0
       2
       0
       0
       0
       1
       0
       4
       2
       4
       1
       2
       7
       2
       0
       0
       2
       0
       1
       0
       1
       1
       2
       3
       4
       5
       5
       4
       1
       3
       2
       4
       2
       1
       2
       6
       4
       0
       4
       2
       2
       7
       2
       4
       4
       2
       4
       2
       2
       4
       3
       4
       4
       6
       8
       1
       4
       3
       7
       5
       6
       4
       0
      10
       2
       2
       3
       1
       3
       4
       6
       2
       5
       3
       4
       4
       8
       5
       7
       5
       6
       3
       4
       4
       3
       6
       2
       5
       3
       3
       2
       4
       5
       2
       4
       2
       1
       2
       5
       9
       5
       4
       2
       1
       3
       3
       3
       4
       3
       5
       2
       5
       5
       3
       1
       4
       9
       3
       1
       3
       5
       5
       4
       2
       2
       4
       3
       5
       1
       7
       3
       2
       1
       4
       0
       0
       1
       1
       1
       1
       2
       2
       0
       7
       5
       2
       1
       2
       1
       2
       1
       4
       2
       3
       0
       3
       2
       0
       3
       2
       2
       2
       3
       1
       3
       2
       2
       4
       0
       1
       1
       0
       0
       0
       3
       0
       0
       0
       0
       0
       0
       1
       1
       3
       0
       2
       2
       1
       2
       1
       1
       1
       0
       0
       1
       1
       0
       2
       1
       2
       0
       1
       2
       0
       0
       1
       0
       0
       0
       2
       1
       1
       0
       0
       0
       0
       0
       1
       1
       0
       0
       0
       0
       0
       0
       0
       0
       1
       1
       1
       0
       1
       0
       0
       0
       1
       0
       0
       0
       0
       0
       0
       0
       0
       0
       0
       0
       0
       0
       1
       1
       1
       1
       0
       0
       0
       0
       0
       0
       0
       0
       0
       0
       0
       0
       0
       0
       0
       0
       0
       0
       0
       1
       0
       0
       0
       0
       0
       0
       0
       0
       0
       0
       0
       1
       0
       0
       0
       0
       0
       0
       0
       1
       0
       0
       0
       0
       0
       0
       0
       0
       0
       0
       0
       0
       0
       0
       0
       0
       0
       0
       0
       0
       0
       0
       0
       0
       0
       0
       0
       0
       0
       0
       0
       0
       0
       0
       0
       0
       0
       0
       0
       0
$ROI:
0
$PRESETS:
None
0
0
$ENER_FIT:
0.000000 2.049532
$MCA_CAL:
3
0.000000E+000 2.049532E+000 0.000000E+000 keV
$SHAPE_CAL:
3
0.000000E+000 0.000000E+000 0.000000E+000
