FACTOR=8 UNIVERSAL_CUTOFF=15 HALF_WIDTH_FIT=11 PROMINENCE=160
[280. 205. 210. 215. 220. 225. 250. 310.  50.  80.]
[324.01157611 445.53446048 445.27485889 439.84111227 436.30814673 427.71904465 393.74572738 196.86344962 194.84322435 311.25775793]
[ 4.11441752  2.49229546  2.77385383  1.75412696  1.30209103  4.78414695 1.63402505 16.76912553 22.70574763  6.75431652]
[332.49852821 193.24156923 194.21977618 198.68408311 204.88404167 209.48136598 252.72994765 179.68627898 463.06802575 334.23267472]
[  5.69337252   0.64147724   0.63153646   1.08470405   0.72476275 1.03081568   5.63317446 124.21121021  23.18772075   3.08595876]
[656.51010431 638.77602971 639.49463507 638.52519538 641.1921884 637.20041064 646.47567502 376.5497286  657.91125011 645.49043265]
[  7.02445173   2.57352476   2.84483802   2.06241224   1.49020874 4.89393942   5.86538083 125.33805612  32.45337223   7.42589611]
FACTOR=16 UNIVERSAL_CUTOFF=7 HALF_WIDTH_FIT=5 PROMINENCE=320
[280. 205. 210. 215. 220. 225. 250. 310.  50.  80.]
[319.4071556  444.67862948 444.9086878  441.86963918 435.30086344 427.22320126 393.04268279 219.26024206 188.87508247 309.81867086]
[ 5.10875063  2.90834759  2.45655298  1.54840544  1.36452967  6.00192713 2.26835728  2.53701431  4.80590128 21.30539836]
[336.97085945 193.23925089 194.03844913 200.52126411 205.16508531 209.84164206 251.54191268 177.57682817 478.33405732 338.19655276]
[  2.44104339   0.69189975   0.7049157    2.67457862   0.71694346 1.28951031   4.08181666 147.69547636  35.62338616  14.41217819]
[656.37801505 637.91788037 638.94713692 642.39090329 640.46594875 637.06484332 644.58459547 396.83707023 667.20913979 648.01522362]
[  5.66198073   2.98951684   2.55569143   3.09045793   1.54141142 6.13888965   4.66976145 147.71726432  35.9461031   25.72218652]
FACTOR=16 UNIVERSAL_CUTOFF=7 HALF_WIDTH_FIT=6 PROMINENCE=320
[280. 205. 210. 215. 220. 225. 250. 310.  50.  80.]
[327.86446313 446.42423246 445.30169444 438.02747205 435.93671552 431.35975712 394.97230525 193.35850087 191.78902405 306.85489952]
[ 9.28769411  1.6683119   1.97196242  1.82781385  1.03486639  2.42543701 1.62363795 98.9553022  14.92954445 17.11392664]
[336.19941016 193.38985106 194.31016433 198.58037738 204.435032 209.6932354  247.41166981 173.26732623 471.70147282 334.35908261]
[ 2.84039947  0.61559102  0.62265617  0.90534675  0.59866566  0.92947417 1.40571716 61.5102379  13.24090234  2.81908632]
[664.0638733  639.81408352 639.61185877 636.60784943 640.37174752 641.05299253 642.38397506 366.6258271  663.49049686 641.21398213]
[  9.71231852   1.77826233   2.06793049   2.03974415   1.19555385 2.59743468   2.14761284 116.51463943  19.95526979  17.34455917]
FACTOR=8 UNIVERSAL_CUTOFF=15 HALF_WIDTH_FIT=12 PROMINENCE=160
[280. 205. 210. 215. 220. 225. 250. 310.  50.  80.]
[312.36154301 446.40615719 444.0134182  438.2068098  436.21537593 431.28193363 394.25628699 196.69843179 189.11777904 314.86337947]
[ 3.62086613  1.7561275   1.95985576  1.75052478  1.04212427  2.07036435 1.47277908 15.27727995  8.28679972  3.44303358]
[325.64948825 193.29774772 194.30133152 198.68924369 204.19264874 209.50227292 248.52937674 179.34675499 477.68760015 336.64047314]
[ 2.64932603  0.61144654  0.60000192  0.86529379  0.6892484   0.92684204 1.72874303 76.02791814 22.68528531  3.11884364]
[638.01103126 639.70390491 638.31474972 636.89605349 640.40802467 640.78420655 642.78566373 376.04518678 666.80537918 651.50385261]
[ 4.48660227  1.85952969  2.04964312  1.95270846  1.24943442  2.26835727 2.27104176 77.54766031 24.15146412  4.64560715]
FACTOR=16 UNIVERSAL_CUTOFF=7 HALF_WIDTH_FIT=7 PROMINENCE=320
[280. 205. 210. 215. 220. 225. 250. 310.  50.  80.]
[311.61757206 445.40748739 443.65283411 439.78948904 435.2679215 432.3876401  394.32970678 201.24999586 166.05110256 303.34465137]
[ 3.48146286  1.27738135  1.06440439  1.10299335  0.76442942  1.36806247 1.20254362 14.86406863 14.95769302  3.30523631]
[322.90055927 192.50815337 193.86836649 198.87573038 204.2515455 208.9869247  248.07397397 166.14030728 464.84335714 321.82938277]
[2.33187066 0.59261718 0.59195676 0.75969111 0.51644307 0.82602458 1.08146401 8.98342481 7.17321165 2.85525621]
[634.51813134 637.91564076 637.5212006  638.66521943 639.519467 641.3745648  642.40368075 367.39030314 630.8944597  625.17403414]
[ 4.19025111  1.40815419  1.21793658  1.33930016  0.92253227  1.59809622 1.61730503 17.36785702 16.5887777   4.36773112]
FACTOR=8 UNIVERSAL_CUTOFF=15 HALF_WIDTH_FIT=14 PROMINENCE=160
[280. 205. 210. 215. 220. 225. 250. 310.  50.  80.]
[310.97595531 444.74362438 445.22435271 439.73159067 435.77270094 432.37398521 394.30953735 200.59658005 183.57300398 314.77953933]
[ 2.13945073  1.39056625  1.39425707  1.04368668  0.77016023  1.40210047 1.32561028 14.39587675  8.45853432  3.00405836]
[324.34405781 192.9662826  194.16697638 198.89145434 204.17817259 209.21569486 248.54994961 161.48483642 462.76218996 325.09817014]
[ 2.08837267  0.57391858  0.58631377  0.73056038  0.549481    0.81369596 1.12272897 14.32737367  6.31278755  3.52686054]
[635.32001311 637.70990698 639.39132909 638.62304501 639.95087353 641.58968006 642.85948696 362.08141647 646.33519394 639.87770947]
[ 2.98974076  1.50434604  1.51251995  1.27397031  0.94608464  1.62110668 1.73717096 20.31046292 10.55452934  4.6328298 ]
FACTOR=8 UNIVERSAL_CUTOFF=15 HALF_WIDTH_FIT=10 PROMINENCE=160
[280. 205. 210. 215. 220. 225. 250. 310.  50.  80.]
[323.95000714 442.80582635 444.11160898 441.76298651 436.09585483 427.73003182 393.31157413 186.29482164 188.10180554 309.21318098]
[ 6.26435479  6.55992129  2.58279145  1.67245641  1.4442953   3.18053953 1.93500589 18.6263502   1.02553421 11.62103167]
[335.71917321 192.8268974  194.19543346 200.13632071 205.27030012 209.07030636 250.45752684 174.50978234 472.54459808 336.44299384]
[ 3.25153821  0.70079734  0.67762929  2.00450856  0.83567735  1.28940945 5.07994074  2.18221208 27.14960866  8.18107083]
[659.66918035 635.63272375 638.30704244 641.89930722 641.36615495 636.80033818 643.76910097 360.80460398 660.64640362 645.65617482]
[ 7.05794883  6.59724823  2.6702047   2.6105871   1.66863584  3.4319686 5.43599538 18.75374553 27.16897074 14.21190688]
FACTOR=16 UNIVERSAL_CUTOFF=7 HALF_WIDTH_FIT=4 PROMINENCE=320
[280. 205. 210. 215. 220. 225. 250. 310.  50.  80.]
[314.87561895 445.98043681 441.88836212 442.86814237 436.42192706 425.09312126 395.89344321 218.98805993 187.58841746 322.04678566]
[ 3.10880903  6.42708983  4.28619901  1.36317793  2.17400643 17.58588163 2.55004346  2.75578432 16.34665033 14.19685697]
[342.08941646 193.63442179 194.62280683 198.94514599 205.20403428 210.72185368 247.08399373 158.81504952 470.04191693 339.14628325]
[ 7.42599856  1.02526257  0.8437008   3.41001405  1.05977068  3.22123964 5.39485761  3.54594339  3.14593703 17.44626103]
[656.96503541 639.61485859 636.51116896 641.81328836 641.62596134 635.81497494 642.97743695 377.80310945 657.63033439 661.19306891]
[ 8.05047503  6.5083521   4.36844744  3.67239022  2.41855698 17.87846798 5.96717775  4.49088652 16.64661817 22.49272709]
FACTOR=8 UNIVERSAL_CUTOFF=15 HALF_WIDTH_FIT=13 PROMINENCE=160
[280. 205. 210. 215. 220. 225. 250. 310.  50.  80.]
[311.85695966 446.40900326 447.25775149 438.82420915 435.70606464 432.71475905 395.86084097 186.09433281 184.6762347  313.9086424 ]
[ 2.44841988  1.42674972  2.28412639  1.25280256  0.88019904  1.62081106 1.44640187 21.36653727 10.37375108  3.2971604 ]
[325.3025363  193.31354013 194.46286674 199.02491762 204.45014218 209.57075484 247.76914785 146.48486593 460.50400846 323.919298  ]
[ 2.29471371  0.58733484  0.58741173  0.78673031  0.60062425  0.85360649 1.25645416 81.48972695 10.58353061  2.73808675]
[637.15949596 639.7225434  641.72061823 637.84912677 640.15620682 642.28551389 643.62998882 332.57919874 645.18024316 637.82794039]
[ 3.35566251  1.54291185  2.3584499   1.47934406  1.06559835  1.83184948 1.91592156 84.24431443 14.81977839  4.28583548]
FACTOR=8 UNIVERSAL_CUTOFF=15 HALF_WIDTH_FIT=9 PROMINENCE=160
[280. 205. 210. 215. 220. 225. 250. 310.  50.  80.]
[324.29924771 441.94803312 443.29974055 441.31174084 435.94154681 424.00258175 394.13017279 178.17734688 187.9926035  313.33871721]
[ 7.92169682  8.67923445  2.80809922  2.17767666  1.48706642 13.95014307 2.29558511 90.26785153  1.0273371  12.87574195]
[345.31251426 192.94602477 194.24640787 200.13689604 204.98297813 210.86721722 252.49601849 174.88589519 469.71734039 349.73769528]
[12.29852796  0.77927258  0.74155101  2.44804481  1.09915007  2.12152169 9.80841725  1.86088111  1.41039846 36.80352383]
[669.61176197 634.89405789 637.54614843 641.44863688 640.92452494 634.86979897 646.62619128 353.06324206 657.70994389 663.07641248]
[14.62898051  8.71414806  2.90436209  3.27646135  1.84918831 14.11054024 10.07346812 90.28703062  1.74489121 38.99082068]
FACTOR=32 UNIVERSAL_CUTOFF=3 HALF_WIDTH_FIT=2 PROMINENCE=640
[280. 205. 210. 215. 220. 225. 250. 310.  50.  80.]
[322.92224002 444.13106443 444.27499133 441.69719371 433.86285562 427.63966002 395.83809708 192.9351498  181.6749924  303.32954802]
[ 9.40985965  7.63811768  6.70810653  1.20871118  1.38994438  2.08811312 2.3689746   9.06084463 21.03390435 28.96334626]
[337.14460969 192.38776528 193.17116025 197.14536835 204.32880871 205.80727185 243.52183112 168.4404902  476.13350025 337.80097524]
[3.10017413 1.19672242 1.09426789 1.33906375 1.15330208 1.32842269 2.10089587 5.33621985 3.97113425 3.76611582]
[660.06684971 636.51882971 637.44615157 638.84256206 638.19166433 633.44693187 639.3599282  361.37564    657.80849265 641.13052326]
[ 9.90739816  7.73129913  6.79677243  1.80390534  1.80611491  2.47485823 3.16635502 10.51542428 21.40549087 29.20717471]
FACTOR=32 UNIVERSAL_CUTOFF=3 HALF_WIDTH_FIT=3 PROMINENCE=640
[280. 205. 210. 215. 220. 225. 250. 310.  50.  80.]
[322.04015623 445.46649019 444.86282739 438.93039468 434.99760074 431.34497363 394.37528881 197.37672448 181.66801243 316.0342839 ]
[ 2.35704796  1.73685902  1.27333493  1.27242311  0.97929256  1.52093028 1.7016061  11.25628706 10.46236964  5.41146379]
[333.7780813  193.81772304 194.14969889 198.72494007 204.27888957 209.07223787 248.12055753 169.698146   476.04466595 334.8089988 ]
[ 2.40840834  0.67180931  0.65989875  0.7345837   0.5723855   1.0223015 1.73744961  5.28671901 13.29927323  2.34096489]
[655.81823752 639.28421323 639.01252628 637.65533475 639.27649031 640.4172115  642.49584634 367.07487048 657.71267839 650.8432827 ]
[ 3.36988216  1.86225857  1.43417161  1.46924259  1.13430115  1.8325745 2.4319117  12.43597186 16.92134295  5.89610524]
